{"producer":{"name":"Blender","version":"3.6.2","exporter_version":"3.3.1","file":"c2410.babylon"},
"autoClear":true,"clearColor":[0.0509,0.0509,0.0509],"gravity":[0,0,-9.81],
"materials":[{"name":"c1200_1","id":"c1200_1","customType":"BABYLON.StandardMaterial","backFaceCulling":false,"emissive":[0,0,0],"specularPower":89.6,"indexOfRefraction":1, 
"diffuseTexture":{"name":"c2410_BD_A_9560_1.png","hasAlpha":true,"level":1,"coordinatesMode":0,"coordinatesIndex":0,"wrapU":1,"wrapV":1}, 
"specularTexture":{"name":"c2410_BD_A_9560_1_s.png","hasAlpha":true,"level":1,"coordinatesMode":0,"coordinatesIndex":0,"wrapU":1,"wrapV":1}, 
"bumpTexture":{"name":"c2410_BD_A_9560_1_n.png","hasAlpha":true,"level":1,"coordinatesMode":0,"coordinatesIndex":0,"wrapU":1,"wrapV":1}},
{"name":"c1200_0","id":"c1200_0","customType":"BABYLON.StandardMaterial","backFaceCulling":false,"emissive":[0,0,0],"specularPower":89.6,"indexOfRefraction":1, 
"diffuseTexture":{"name":"c2410_AM_A_9560.png","hasAlpha":true,"level":1,"coordinatesMode":0,"coordinatesIndex":0,"wrapU":1,"wrapV":1}, 
"specularTexture":{"name":"c2410_AM_A_9560_s.png","hasAlpha":true,"level":1,"coordinatesMode":0,"coordinatesIndex":0,"wrapU":1,"wrapV":1}, 
"bumpTexture":{"name":"c2410_AM_A_9560_n.png","hasAlpha":true,"level":1,"coordinatesMode":0,"coordinatesIndex":0,"wrapU":1,"wrapV":1}},
{"name":"c1200_2","id":"c1200_2","customType":"BABYLON.StandardMaterial","backFaceCulling":false,"emissive":[0,0,0],"specularPower":89.6,"indexOfRefraction":1, 
"diffuseTexture":{"name":"c2410_BD_A_9560_2.png","hasAlpha":true,"level":1,"coordinatesMode":0,"coordinatesIndex":0,"wrapU":1,"wrapV":1}, 
"specularTexture":{"name":"c2410_BD_A_9560_2_s.png","hasAlpha":true,"level":1,"coordinatesMode":0,"coordinatesIndex":0,"wrapU":1,"wrapV":1}, 
"bumpTexture":{"name":"c2410_BD_A_9560_2_n.png","hasAlpha":true,"level":1,"coordinatesMode":0,"coordinatesIndex":0,"wrapU":1,"wrapV":1}},
{"name":"c1200_3","id":"c1200_3","customType":"BABYLON.StandardMaterial","backFaceCulling":false,"emissive":[0,0,0],"specularPower":25.6,"indexOfRefraction":1, 
"diffuseTexture":{"name":"c2410_BD_A_9560_1.png","hasAlpha":true,"level":1,"coordinatesMode":0,"coordinatesIndex":0,"wrapU":1,"wrapV":1}, 
"specularTexture":{"name":"c2410_BD_A_9560_1_s.png","hasAlpha":true,"level":1,"coordinatesMode":0,"coordinatesIndex":0,"wrapU":1,"wrapV":1}, 
"bumpTexture":{"name":"c2410_BD_A_9560_1_n.png","hasAlpha":true,"level":1,"coordinatesMode":0,"coordinatesIndex":0,"wrapU":1,"wrapV":1}},
{"name":"c1200_4","id":"c1200_4","customType":"BABYLON.StandardMaterial","backFaceCulling":false,"emissive":[0,0,0],"specularPower":25.6,"indexOfRefraction":1, 
"diffuseTexture":{"name":"c2410_BD_A_9560_1.png","hasAlpha":true,"level":1,"coordinatesMode":0,"coordinatesIndex":0,"wrapU":1,"wrapV":1}, 
"specularTexture":{"name":"c2410_BD_A_9560_1_s.png","hasAlpha":true,"level":1,"coordinatesMode":0,"coordinatesIndex":0,"wrapU":1,"wrapV":1}, 
"bumpTexture":{"name":"c2410_BD_A_9560_1_n.png","hasAlpha":true,"level":1,"coordinatesMode":0,"coordinatesIndex":0,"wrapU":1,"wrapV":1}},
{"name":"c1200_5","id":"c1200_5","customType":"BABYLON.StandardMaterial","backFaceCulling":false,"emissive":[0,0,0],"specularPower":89.6,"indexOfRefraction":1, 
"diffuseTexture":{"name":"c2410_HD_A_9560.png","hasAlpha":true,"level":1,"coordinatesMode":0,"coordinatesIndex":0,"wrapU":1,"wrapV":1}, 
"specularTexture":{"name":"c2410_HD_A_9560_s.png","hasAlpha":true,"level":1,"coordinatesMode":0,"coordinatesIndex":0,"wrapU":1,"wrapV":1}, 
"bumpTexture":{"name":"c2410_HD_A_9560_n.png","hasAlpha":true,"level":1,"coordinatesMode":0,"coordinatesIndex":0,"wrapU":1,"wrapV":1}},
{"name":"c1200_6","id":"c1200_6","customType":"BABYLON.StandardMaterial","backFaceCulling":false,"emissive":[0,0,0],"specularPower":89.6,"indexOfRefraction":1, 
"diffuseTexture":{"name":"c2410_LG_M_9560.png","hasAlpha":true,"level":1,"coordinatesMode":0,"coordinatesIndex":0,"wrapU":1,"wrapV":1}, 
"specularTexture":{"name":"c2410_LG_M_9560_s.png","hasAlpha":true,"level":1,"coordinatesMode":0,"coordinatesIndex":0,"wrapU":1,"wrapV":1}, 
"bumpTexture":{"name":"c2410_LG_M_9560_n.png","hasAlpha":true,"level":1,"coordinatesMode":0,"coordinatesIndex":0,"wrapU":1,"wrapV":1}},
{"name":"c1200_7","id":"c1200_7","customType":"BABYLON.StandardMaterial","backFaceCulling":false,"emissive":[0,0,0],"specularPower":89.6,"indexOfRefraction":1, 
"diffuseTexture":{"name":"c2410_LG_M_9560.png","hasAlpha":true,"level":1,"coordinatesMode":0,"coordinatesIndex":0,"wrapU":1,"wrapV":1}, 
"specularTexture":{"name":"c2410_LG_M_9560_s.png","hasAlpha":true,"level":1,"coordinatesMode":0,"coordinatesIndex":0,"wrapU":1,"wrapV":1}, 
"bumpTexture":{"name":"c2410_LG_M_9560_n.png","hasAlpha":true,"level":1,"coordinatesMode":0,"coordinatesIndex":0,"wrapU":1,"wrapV":1}},
{"name":"c1200_8","id":"c1200_8","customType":"BABYLON.StandardMaterial","backFaceCulling":false,"emissive":[0,0,0],"specularPower":102.4,"indexOfRefraction":1, 
"diffuseTexture":{"name":"c2410_WP_A_0212.png","hasAlpha":true,"level":1,"coordinatesMode":0,"coordinatesIndex":0,"wrapU":1,"wrapV":1}, 
"specularTexture":{"name":"c2410_WP_A_0212_s.png","hasAlpha":true,"level":1,"coordinatesMode":0,"coordinatesIndex":0,"wrapU":1,"wrapV":1}, 
"bumpTexture":{"name":"c2410_WP_A_0212_n.png","hasAlpha":true,"level":1,"coordinatesMode":0,"coordinatesIndex":0,"wrapU":1,"wrapV":1}}],
"multiMaterials":[{"name":"c2410.Multimaterial#0","id":"c2410.Multimaterial#0","materials":["c1200_1","c1200_0","c1200_2","c1200_3","c1200_4","c1200_5","c1200_6","c1200_7","c1200_8"]}],
"skeletons":[{"name":"SK_rig","id":0,"dimensionsAtRest":[2.5841,2.4837,2.6245],"bones":[
{"name":"main","index":0,"matrix":[1,0,0,0,0,0,1,0,0,-1,0,0,0,0,0.0103,1],"rest":[1,0,0,0,0,0,1,0,0,-1,0,0,0,0,0.0103,1],"parentBoneIndex":-1,"length":0.2783},
{"name":"chest","index":1,"matrix":[1,-0.0055,0.0041,0,0.0052,0.9981,0.0618,0,-0.0044,-0.0618,0.9981,0,0,1.4333,0.0917,1],"rest":[1,-0.0055,0.0041,0,0.0052,0.9981,0.0618,0,-0.0044,-0.0618,0.9981,0,0,1.4333,0.0917,1],"parentBoneIndex":0,"length":0.6255},
{"name":"neck","index":2,"matrix":[0.9998,0.0045,-0.0172,0,-0.0115,0.9006,-0.4346,0,0.0135,0.4347,0.9005,0,0,0.6255,0,1],"rest":[0.9998,0.0045,-0.0172,0,-0.0115,0.9006,-0.4346,0,0.0135,0.4347,0.9005,0,0,0.6255,0,1],"parentBoneIndex":1,"length":0.2463},
{"name":"head","index":3,"matrix":[1,0.0043,0.0009,0,-0.0043,0.9258,0.3781,0,0.0009,-0.3781,0.9258,0,0,0.2463,0,1],"rest":[1,0.0043,0.0009,0,-0.0043,0.9258,0.3781,0,0.0009,-0.3781,0.9258,0,0,0.2463,0,1],"parentBoneIndex":2,"length":0.3388},
{"name":"shoulder L","index":4,"matrix":[0.3224,-0.9457,0.0415,0,0.9111,0.2981,-0.2847,0,0.2569,0.1296,0.9577,0,0,0.6255,0,1],"rest":[0.3224,-0.9457,0.0415,0,0.9111,0.2981,-0.2847,0,0.2569,0.1296,0.9577,0,0,0.6255,0,1],"parentBoneIndex":1,"length":0.3337},
{"name":"upper_arm L","index":5,"matrix":[0.9133,-0.3918,-0.1116,0,0.4016,0.9117,0.0862,0,0.068,-0.1236,0.99,0,0,0.3337,0,1],"rest":[0.9133,-0.3918,-0.1116,0,0.4016,0.9117,0.0862,0,0.068,-0.1236,0.99,0,0,0.3337,0,1],"parentBoneIndex":4,"length":0.3429},
{"name":"lower_arm L","index":6,"matrix":[0.998,0.0625,0.0101,0,-0.0627,0.9525,0.2979,0,0.009,-0.298,0.9545,0,0,0.3429,0,1],"rest":[0.998,0.0625,0.0101,0,-0.0627,0.9525,0.2979,0,0.009,-0.298,0.9545,0,0,0.3429,0,1],"parentBoneIndex":5,"length":0.3783},
{"name":"palm L","index":7,"matrix":[0.9821,0.1867,-0.0243,0,-0.1879,0.9641,-0.1877,0,-0.0116,0.1889,0.9819,0,0,0.3783,0,1],"rest":[0.9821,0.1867,-0.0243,0,-0.1879,0.9641,-0.1877,0,-0.0116,0.1889,0.9819,0,0,0.3783,0,1],"parentBoneIndex":6,"length":0.1463},
{"name":"fingers L","index":8,"matrix":[0.9886,-0.1507,-0.0043,0,0.1505,0.9849,0.0856,0,-0.0087,-0.0853,0.9963,0,0,0.1463,0,1],"rest":[0.9886,-0.1507,-0.0043,0,0.1505,0.9849,0.0856,0,-0.0087,-0.0853,0.9963,0,0,0.1463,0,1],"parentBoneIndex":7,"length":0.1283},
{"name":"thumb L","index":9,"matrix":[0.9018,-0.4301,-0.0412,0,0.376,0.7343,0.5652,0,-0.2129,-0.5252,0.8239,0,0,0,0,1],"rest":[0.9018,-0.4301,-0.0412,0,0.376,0.7343,0.5652,0,-0.2129,-0.5252,0.8239,0,0,0,0,1],"parentBoneIndex":7,"length":0.1797},
{"name":"upper_leg L","index":10,"matrix":[0.9998,-0.0003,-0.0208,0,0.0029,-0.9876,0.1567,0,-0.0206,-0.1567,-0.9874,0,0.1431,-0.0871,-0.0443,1],"rest":[0.9998,-0.0003,-0.0208,0,0.0029,-0.9876,0.1567,0,-0.0206,-0.1567,-0.9874,0,0.1431,-0.0871,-0.0443,1],"parentBoneIndex":1,"length":0.4884},
{"name":"lower_leg L","index":11,"matrix":[0.9989,-0.0341,0.0309,0,0.0253,0.9675,0.2514,0,-0.0384,-0.2504,0.9674,0,0,0.4884,0,1],"rest":[0.9989,-0.0341,0.0309,0,0.0253,0.9675,0.2514,0,-0.0384,-0.2504,0.9674,0,0,0.4884,0,1],"parentBoneIndex":10,"length":0.7298},
{"name":"foot L","index":12,"matrix":[0.9984,0.0182,-0.0543,0,-0.0572,0.2702,-0.9611,0,-0.0028,0.9626,0.2708,0,0,0.7298,0,1],"rest":[0.9984,0.0182,-0.0543,0,-0.0572,0.2702,-0.9611,0,-0.0028,0.9626,0.2708,0,0,0.7298,0,1],"parentBoneIndex":11,"length":0.2962},
{"name":"shoulder R","index":13,"matrix":[0.3121,0.949,-0.0443,0,-0.9166,0.2886,-0.2767,0,-0.2498,0.127,0.9599,0,-0.0065,0.6254,0,1],"rest":[0.3121,0.949,-0.0443,0,-0.9166,0.2886,-0.2767,0,-0.2498,0.127,0.9599,0,-0.0065,0.6254,0,1],"parentBoneIndex":1,"length":0.3337},
{"name":"upper_arm R","index":14,"matrix":[0.9133,0.3918,0.1116,0,-0.4016,0.9117,0.0862,0,-0.068,-0.1236,0.99,0,0,0.3337,0,1],"rest":[0.9133,0.3918,0.1116,0,-0.4016,0.9117,0.0862,0,-0.068,-0.1236,0.99,0,0,0.3337,0,1],"parentBoneIndex":13,"length":0.3429},
{"name":"lower_arm R","index":15,"matrix":[0.998,-0.0625,-0.0101,0,0.0627,0.9525,0.2979,0,-0.009,-0.298,0.9545,0,0,0.3429,0,1],"rest":[0.998,-0.0625,-0.0101,0,0.0627,0.9525,0.2979,0,-0.009,-0.298,0.9545,0,0,0.3429,0,1],"parentBoneIndex":14,"length":0.3783},
{"name":"palm R","index":16,"matrix":[0.9821,-0.1867,0.0243,0,0.1879,0.9641,-0.1877,0,0.0116,0.1889,0.9819,0,0,0.3783,0,1],"rest":[0.9821,-0.1867,0.0243,0,0.1879,0.9641,-0.1877,0,0.0116,0.1889,0.9819,0,0,0.3783,0,1],"parentBoneIndex":15,"length":0.1463},
{"name":"fingers R","index":17,"matrix":[0.9886,0.1507,0.0043,0,-0.1505,0.9849,0.0856,0,0.0087,-0.0853,0.9963,0,0,0.1463,0,1],"rest":[0.9886,0.1507,0.0043,0,-0.1505,0.9849,0.0856,0,0.0087,-0.0853,0.9963,0,0,0.1463,0,1],"parentBoneIndex":16,"length":0.1283},
{"name":"thumb R","index":18,"matrix":[0.9018,0.4301,0.0412,0,-0.376,0.7343,0.5652,0,0.2129,-0.5252,0.8239,0,0,0,0,1],"rest":[0.9018,0.4301,0.0412,0,-0.376,0.7343,0.5652,0,0.2129,-0.5252,0.8239,0,0,0,0,1],"parentBoneIndex":16,"length":0.1797},
{"name":"sword","index":19,"matrix":[0.0199,0.9989,0.043,0,0.0167,-0.0434,0.9989,0,0.9997,-0.0191,-0.0176,0,-0.0465,0.1487,-0.2583,1],"rest":[0.0199,0.9989,0.043,0,0.0167,-0.0434,0.9989,0,0.9997,-0.0191,-0.0176,0,-0.0465,0.1487,-0.2583,1],"parentBoneIndex":16,"length":1.8362},
{"name":"upper_leg R","index":20,"matrix":[0.9999,0.0107,0.012,0,0.0087,-0.9876,0.1566,0,0.0136,-0.1565,-0.9876,0,-0.1426,-0.0886,-0.043,1],"rest":[0.9999,0.0107,0.012,0,0.0087,-0.9876,0.1566,0,0.0136,-0.1565,-0.9876,0,-0.1426,-0.0886,-0.043,1],"parentBoneIndex":1,"length":0.4884},
{"name":"lower_leg R","index":21,"matrix":[0.9989,0.0341,-0.0309,0,-0.0253,0.9675,0.2514,0,0.0384,-0.2504,0.9674,0,0,0.4884,0,1],"rest":[0.9989,0.0341,-0.0309,0,-0.0253,0.9675,0.2514,0,0.0384,-0.2504,0.9674,0,0,0.4884,0,1],"parentBoneIndex":20,"length":0.7298},
{"name":"foot R","index":22,"matrix":[0.9984,-0.0182,0.0543,0,0.0572,0.2702,-0.9611,0,0.0028,0.9626,0.2708,0,0,0.7298,0,1],"rest":[0.9984,-0.0182,0.0543,0,0.0572,0.2702,-0.9611,0,0.0028,0.9626,0.2708,0,0,0.7298,0,1],"parentBoneIndex":21,"length":0.2962},
{"name":"cape","index":23,"matrix":[1,0.0052,-0.0044,0,0.0004,-0.6908,-0.723,0,-0.0068,0.723,-0.6908,0,-0.0047,0.6655,-0.2773,1],"rest":[1,0.0052,-0.0044,0,0.0004,-0.6908,-0.723,0,-0.0068,0.723,-0.6908,0,-0.0047,0.6655,-0.2773,1],"parentBoneIndex":1,"length":0.9533}]}],
"meshes":[{"name":"mesh1","id":"mesh1","materialId":"c2410.Multimaterial#0","billboardMode":0,"position":[0,0,0],"metadata": {"castShadows":0,"maxInfluencers":8,"usePNG":0,"ignoreSkeleton":0,"tags":"","forceBaking":0},"rotation":[0,0,0],"scaling":[1,1,1],"isVisible":true,"isEnabled":true,"pickable":false,"skeletonId":0,"numBoneInfluencers":4
,"positions":[-0.6309,-0.0277,2.0394,-0.6411,-0.0241,2.038,-0.6314,-0.0156,2.0333,-0.6411,-0.0241,2.038,-0.6426,-0.0113,2.0366,-0.6314,-0.0156,2.0333,-0.6174,-0.008,2.0458,-0.6194,-0.0257,2.0469,-0.623,-0.0232,2.0399,-0.6215,-0.01,2.0389,-0.6445,-0.027,2.0443,-0.6411,-0.0241,2.038,-0.6309,-0.0277,2.0394,-0.6308,-0.0319,2.0462,-0.6465,-0.0098,2.0427,-0.6426,-0.0113,2.0366,-0.6411,-0.0241,2.038
,-0.6445,-0.027,2.0443,-0.6465,-0.0098,2.0427,-0.6322,0.0007,2.0439,-0.632,-0.0035,2.0377,-0.6426,-0.0113,2.0366,0.6314,-0.0156,2.0333,0.6411,-0.0241,2.038,0.6309,-0.0277,2.0394,0.6314,-0.0156,2.0333,0.6426,-0.0113,2.0366,0.6411,-0.0241,2.038,0.6314,-0.0156,2.0333,0.632,-0.0035,2.0377,0.6426,-0.0113,2.0366,0.6309,-0.0277,2.0394,0.6411,-0.0241,2.038,0.6445,-0.027,2.0443
,0.6308,-0.0319,2.0462,0.6465,-0.0098,2.0427,0.6445,-0.027,2.0443,0.6411,-0.0241,2.038,0.6426,-0.0113,2.0366,0.6465,-0.0098,2.0427,0.6426,-0.0113,2.0366,0.632,-0.0035,2.0377,0.6322,0.0007,2.0439,-0.6322,0.0007,2.0439,-0.6465,-0.0098,2.0427,-0.6491,-0.0085,2.0392,-0.6319,0.0033,2.0402,0.6322,0.0007,2.0439,0.6319,0.0033,2.0402,0.6491,-0.0085,2.0392,0.6465,-0.0098,2.0427
,-0.6465,-0.0098,2.0427,-0.6445,-0.027,2.0443,-0.6463,-0.0284,2.0412,-0.6491,-0.0085,2.0392,-0.6322,0.0007,2.0439,-0.6319,0.0033,2.0402,-0.6137,-0.0067,2.043,-0.6174,-0.008,2.0458,-0.6772,0.0138,2.0535,-0.6842,0.0221,2.0501,-0.6605,-0.0137,2.0462,0.6465,-0.0098,2.0427,0.6491,-0.0085,2.0392,0.6463,-0.0284,2.0412,0.6445,-0.027,2.0443,0.6322,0.0007,2.0439,0.6174,-0.008,2.0458
,0.6137,-0.0067,2.043,0.6319,0.0033,2.0402,-0.7733,0.0618,2.1477,-0.7569,0.0594,2.1647,-0.7592,0.0679,2.1658,-0.7968,0.0664,2.1223,-0.7881,0.0751,2.1209,-0.7881,0.0751,2.1209,-0.7592,0.0679,2.0777,-0.7968,0.0664,2.1223,-0.7329,0.0784,2.1727,-0.7133,0.0499,2.1912,-0.7569,0.0594,2.1647,-0.7218,0.047,2.1821,-0.6829,0.026,2.2017,-0.6842,0.0221,2.1956,-0.6784,0.0134,2.1968
,-0.6605,-0.0137,2.1995,-0.6584,-0.0099,2.2054,-0.6761,0.0366,2.2014,-0.7015,0.0587,2.1914,-0.6656,0.0477,2.1997,-0.6519,0.0113,2.206,-0.6491,-0.0085,2.2065,-0.6463,-0.0284,2.2045,-0.6503,-0.0355,2.2027,-0.6299,-0.0347,2.2021,-0.6525,-0.0407,2.1973,-0.6565,-0.0389,2.1942,-0.6498,-0.0735,2.1783,-0.6536,-0.0719,2.1749,-0.6362,-0.0433,2.1972,-0.6323,-0.0487,2.195,-0.6498,-0.0735,2.1783
,-0.6288,-0.0455,2.1993,-0.6339,-0.0392,2.2021,-0.616,-0.0274,2.2012,-0.6083,-0.0309,2.1984,-0.6137,-0.0067,2.2028,-0.6118,-0.0739,2.1788,-0.6057,-0.0062,2.2031,-0.6143,0.0126,2.2054,-0.6319,0.0033,2.2056,-0.5961,0.0407,2.2014,-0.6228,0.0231,2.205,-0.6061,0.051,2.1986,-0.5777,0.065,2.1931,-0.5865,0.0308,2.2,-0.5475,0.0813,2.1715,-0.5579,0.0895,2.1728,-0.59,0.0758,2.1888
,-0.609,0.0514,2.194,-0.6241,0.0257,2.2,-0.6334,0.021,2.2059,-0.6334,0.024,2.2007,-0.6356,0.0547,2.2031,-0.613,0.0884,2.193,-0.5937,0.076,2.1843,-0.5761,0.095,2.1722,-0.5409,0.1046,2.1229,-0.5264,0.0933,2.1229,-0.5579,0.0895,2.0729,-0.5409,0.1046,2.1229,-0.5264,0.0933,2.1229,-0.5605,0.1117,2.1229,-0.5409,0.1046,2.1229,-0.5761,0.095,2.0735,-0.5605,0.1117,2.1229
,-0.567,0.1088,2.1229,-0.5605,0.1117,2.1229,-0.567,0.1088,2.1229,-0.5808,0.0942,2.1676,-0.6053,0.1162,2.1686,-0.5909,0.1274,2.1229,-0.567,0.1088,2.1229,-0.6053,0.1162,2.0772,-0.5909,0.1274,2.1229,-0.567,0.1088,2.1229,-0.6175,0.1378,2.1229,-0.5909,0.1274,2.1229,-0.6053,0.1162,2.0772,-0.6175,0.1378,2.1229,-0.6415,0.1212,2.1744,-0.6388,0.0937,2.1971,-0.6682,0.0846,2.1908
,-0.6627,0.0485,2.1953,-0.6434,0.0246,2.2004,-0.6447,0.0216,2.205,-0.6442,0.1399,2.1229,-0.6175,0.1378,2.1229,-0.6053,0.1162,2.0772,-0.6442,0.1399,2.1229,-0.6695,0.1345,2.1229,-0.6792,0.1114,2.1678,-0.7061,0.0901,2.1622,-0.6848,0.0708,2.1801,-0.6884,0.0697,2.1846,-0.7119,0.0905,2.1659,-0.7266,0.101,2.1228,-0.7198,0.0994,2.1229,-0.6913,0.1222,2.1229,-0.6792,0.1114,2.078
,-0.6913,0.1222,2.1229,-0.6695,0.1345,2.1229,-0.6415,0.1212,2.0713,-0.6695,0.1345,2.1229,-0.6442,0.1399,2.1229,-0.6913,0.1222,2.1229,-0.7061,0.0901,2.0836,-0.7198,0.0994,2.1229,-0.7266,0.101,2.1228,-0.7198,0.0994,2.1229,-0.7061,0.0901,2.0836,-0.7485,0.0901,2.1225,-0.7266,0.101,2.1228,-0.7119,0.0905,2.0799,-0.7485,0.0901,2.1225,-0.7485,0.0901,2.1225,-0.7592,0.0679,2.0777
,-0.7881,0.0751,2.1209,-0.6842,0.0221,2.0501,-0.6829,0.026,2.0441,-0.6584,-0.0099,2.0404,-0.6605,-0.0137,2.0462,-0.729,0.0495,2.0665,-0.7698,0.0588,2.1044,-0.7542,0.0585,2.0779,-0.7782,0.0624,2.1016,-0.7542,0.0585,2.0779,-0.7698,0.0588,2.1044,-0.7133,0.0499,2.0545,-0.729,0.0495,2.0665,-0.7542,0.0585,2.0779,-0.7542,0.0585,2.0779,-0.7592,0.0679,2.0777,-0.7592,0.0679,2.0777
,-0.7542,0.0585,2.0779,-0.7782,0.0624,2.1016,-0.6542,-0.0759,2.0755,-0.6562,-0.0394,2.0519,-0.6525,-0.0407,2.0484,-0.6506,-0.0787,2.074,-0.6309,-0.0782,2.0735,-0.6506,-0.0787,2.074,-0.6323,-0.0488,2.0497,-0.6506,-0.0787,2.074,-0.6309,-0.0782,2.0735,-0.6499,-0.098,2.1229,-0.6542,-0.0759,2.0755,-0.6506,-0.0787,2.074,-0.6323,-0.0488,2.0497,-0.6506,-0.0787,2.074,-0.6525,-0.0407,2.0484
,-0.6362,-0.0433,2.0486,-0.631,-0.095,2.1228,-0.631,-0.095,2.1228,-0.6498,-0.0735,2.1783,-0.6499,-0.098,2.1229,-0.6537,-0.095,2.1229,-0.6268,-0.0995,2.1228,-0.631,-0.095,2.1228,-0.6309,-0.0782,2.0735,-0.6267,-0.0834,2.0708,-0.6268,-0.0995,2.1228,-0.6267,-0.0834,2.0708,-0.6121,-0.1003,2.1228,-0.6121,-0.1003,2.1228,-0.6268,-0.0995,2.1228,-0.6269,-0.0748,2.1798,-0.6268,-0.0995,2.1228
,-0.631,-0.095,2.1228,-0.6268,-0.0995,2.1228,-0.6311,-0.072,2.1767,-0.6498,-0.0735,2.1783,-0.6498,-0.0735,2.1783,-0.6121,-0.1003,2.1228,-0.6267,-0.0834,2.0708,-0.6119,-0.0827,2.0715,-0.6537,-0.095,2.1229,-0.6499,-0.098,2.1229,-0.6498,-0.0735,2.1783,-0.6536,-0.0719,2.1749,-0.6829,0.026,2.0441,-0.6842,0.0221,2.0501,-0.729,0.0495,2.0665,-0.7133,0.0499,2.0545,-0.6842,0.0221,2.0501
,-0.7209,0.0442,2.069,-0.729,0.0495,2.0665,-0.6525,-0.0407,2.0484,-0.6562,-0.0394,2.0519,-0.6605,-0.0137,2.0462,-0.7733,0.0618,2.1477,-0.7658,0.0594,2.1403,-0.7569,0.0594,2.1647,-0.7569,0.0594,2.1647,-0.7658,0.0594,2.1403,-0.7218,0.047,2.1821,-0.6061,0.051,2.0471,-0.609,0.0514,2.0517,-0.5937,0.076,2.0615,-0.59,0.0758,2.057,-0.609,0.0514,2.0517,-0.6061,0.051,2.0471
,-0.6228,0.0231,2.0408,-0.6241,0.0257,2.0458,-0.6228,0.0231,2.0408,-0.6334,0.021,2.0398,-0.6334,0.024,2.045,-0.6241,0.0257,2.0458,-0.6627,0.0485,2.0522,-0.6656,0.0477,2.0478,-0.6884,0.0697,2.0612,-0.6848,0.0708,2.0656,-0.6447,0.0216,2.0411,-0.6656,0.0477,2.0478,-0.6627,0.0485,2.0522,-0.6434,0.0246,2.0457,-0.6334,0.024,2.045,-0.6334,0.021,2.0398,-0.6447,0.0216,2.0411
,-0.6434,0.0246,2.0457,-0.709,0.0879,2.0775,-0.7061,0.0901,2.0836,-0.6848,0.0708,2.0656,-0.7061,0.0901,2.0836,-0.709,0.0879,2.0775,-0.7119,0.0905,2.0799,-0.709,0.0879,2.0775,-0.6884,0.0697,2.0612,-0.7015,0.0586,2.0543,-0.7329,0.0784,2.0725,-0.709,0.0879,2.0775,-0.7119,0.0905,2.0799,-0.709,0.0879,2.0775,-0.7329,0.0784,2.0725,-0.6884,0.0697,2.0612,-0.709,0.0879,2.0775
,-0.6848,0.0708,2.0656,-0.7592,0.0679,2.0777,-0.7329,0.0784,2.0725,-0.7015,0.0586,2.0543,-0.7015,0.0586,2.0543,-0.7133,0.0499,2.0545,-0.6761,0.0366,2.0443,-0.7015,0.0586,2.0543,-0.6884,0.0697,2.0612,-0.6829,0.026,2.0441,-0.7133,0.0499,2.0545,-0.7015,0.0586,2.0543,-0.7015,0.0586,2.0543,-0.6761,0.0366,2.0443,-0.6656,0.0477,2.0478,-0.6083,-0.0309,2.0474,-0.6288,-0.0455,2.0465
,-0.616,-0.0274,2.0445,-0.6584,-0.0099,2.0404,-0.6491,-0.0085,2.0392,-0.6463,-0.0284,2.0412,-0.6503,-0.0355,2.0431,-0.6194,-0.0257,2.0469,-0.6174,-0.008,2.0458,-0.6137,-0.0067,2.043,-0.616,-0.0274,2.0445,-0.6463,-0.0284,2.0412,-0.6445,-0.027,2.0443,-0.6308,-0.0319,2.0462,-0.6299,-0.0347,2.0436,-0.6308,-0.0319,2.0462,-0.6194,-0.0257,2.0469,-0.616,-0.0274,2.0445,-0.6299,-0.0347,2.0436
,-0.6319,0.0033,2.0402,-0.6491,-0.0085,2.0392,-0.6584,-0.0099,2.0404,-0.6519,0.0113,2.0379,-0.6137,-0.0067,2.043,-0.6319,0.0033,2.0402,-0.6143,0.0126,2.0404,-0.6057,-0.0062,2.0426,-0.6525,-0.0407,2.0484,-0.6605,-0.0137,2.0462,-0.6584,-0.0099,2.0404,-0.6503,-0.0355,2.0431,-0.6388,0.0937,2.0486,-0.6356,0.0547,2.0427,-0.6627,0.0485,2.0522,-0.6682,0.0846,2.0549,-0.609,0.0514,2.0517
,-0.613,0.0884,2.0527,-0.5937,0.076,2.0615,-0.5961,0.0407,2.0443,-0.5865,0.0308,2.0458,-0.6057,-0.0062,2.0426,-0.6143,0.0126,2.0404,-0.5961,0.0407,2.0443,-0.6143,0.0126,2.0404,-0.6228,0.0231,2.0408,-0.6061,0.051,2.0471,-0.6356,0.0547,2.0427,-0.609,0.0514,2.0517,-0.6241,0.0257,2.0458,-0.6334,0.024,2.045,-0.6682,0.0846,2.0549,-0.6627,0.0485,2.0522,-0.6848,0.0708,2.0656
,-0.6627,0.0485,2.0522,-0.6356,0.0547,2.0427,-0.6334,0.024,2.045,-0.6434,0.0246,2.0457,-0.6447,0.0216,2.0411,-0.6519,0.0113,2.0379,-0.6761,0.0366,2.0443,-0.6656,0.0477,2.0478,-0.6519,0.0113,2.0379,-0.6584,-0.0099,2.0404,-0.6829,0.026,2.0441,-0.6761,0.0366,2.0443,-0.609,0.0514,2.0517,-0.6356,0.0547,2.0427,-0.6388,0.0937,2.0486,-0.613,0.0884,2.0527,-0.5685,0.0569,2.0546
,-0.5865,0.0308,2.0458,-0.5961,0.0407,2.0443,-0.5777,0.065,2.0527,-0.5579,0.0895,2.0729,-0.5475,0.0813,2.0743,-0.5685,0.0569,2.0546,-0.5685,0.0569,2.0546,-0.5777,0.065,2.0527,-0.5475,0.0813,2.0743,-0.5579,0.0895,2.0729,-0.5264,0.0933,2.1229,-0.5579,0.0895,2.0729,-0.5777,0.065,2.0527,-0.59,0.0758,2.057,-0.5761,0.095,2.0735,-0.5579,0.0895,2.0729,-0.5409,0.1046,2.1229
,-0.5579,0.0895,2.0729,-0.5761,0.095,2.0735,-0.59,0.0758,2.057,-0.5937,0.076,2.0615,-0.5808,0.0942,2.0781,-0.5761,0.095,2.0735,-0.567,0.1088,2.1229,-0.5761,0.095,2.0735,-0.5808,0.0942,2.0781,-0.6053,0.1162,2.0772,-0.567,0.1088,2.1229,-0.5808,0.0942,2.0781,-0.613,0.0884,2.0527,-0.6388,0.0937,2.0486,-0.6415,0.1212,2.0713,-0.6053,0.1162,2.0772,-0.5777,0.065,2.0527
,-0.5961,0.0407,2.0443,-0.6061,0.051,2.0471,-0.59,0.0758,2.057,-0.7061,0.0901,2.0836,-0.6792,0.1114,2.078,-0.6682,0.0846,2.0549,-0.6848,0.0708,2.0656,-0.6334,0.021,2.0398,-0.6319,0.0033,2.0402,-0.6519,0.0113,2.0379,-0.6447,0.0216,2.0411,-0.6695,0.1345,2.1229,-0.6415,0.1212,2.0713,-0.6792,0.1114,2.078,0.7592,0.0679,2.1658,0.7569,0.0594,2.1647,0.7733,0.0618,2.1477
,0.7968,0.0664,2.1223,0.7881,0.0751,2.1209,0.7968,0.0664,2.1223,0.7592,0.0679,2.0777,0.7881,0.0751,2.1209,0.7329,0.0784,2.1727,0.7133,0.0499,2.1912,0.7569,0.0594,2.1647,0.7218,0.047,2.1821,0.6829,0.026,2.2017,0.6842,0.0221,2.1956,0.6784,0.0134,2.1968,0.6605,-0.0137,2.1995,0.6584,-0.0099,2.2054,0.6761,0.0366,2.2014,0.7015,0.0586,2.1914,0.6656,0.0477,2.1997
,0.6884,0.0697,2.1846,0.7119,0.0905,2.1659,0.7266,0.101,2.1228,0.7485,0.0901,2.1225,0.7592,0.0679,2.0777,0.7485,0.0901,2.1225,0.7881,0.0751,2.1209,0.7266,0.101,2.1228,0.7485,0.0901,2.1225,0.7119,0.0905,2.0799,0.7061,0.0901,2.1622,0.7198,0.0994,2.1229,0.7061,0.0901,2.0836,0.7198,0.0994,2.1229,0.7266,0.101,2.1228,0.6792,0.1114,2.1678,0.6913,0.1222,2.1229
,0.7061,0.0901,2.0836,0.6913,0.1222,2.1229,0.7198,0.0994,2.1229,0.6695,0.1345,2.1229,0.6913,0.1222,2.1229,0.6792,0.1114,2.078,0.6695,0.1345,2.1229,0.6415,0.1212,2.1744,0.6682,0.0846,2.1908,0.6848,0.0708,2.1801,0.6627,0.0485,2.1953,0.6447,0.0216,2.205,0.6519,0.0113,2.206,0.6491,-0.0085,2.2065,0.6319,0.0033,2.2056,0.6463,-0.0284,2.2045,0.6503,-0.0355,2.2027
,0.6299,-0.0347,2.2021,0.6525,-0.0407,2.1973,0.6565,-0.0389,2.1942,0.6498,-0.0735,2.1783,0.6536,-0.0719,2.1749,0.6362,-0.0433,2.1972,0.6323,-0.0487,2.195,0.6498,-0.0735,2.1783,0.6288,-0.0455,2.1993,0.6339,-0.0392,2.2021,0.616,-0.0274,2.2012,0.6083,-0.0309,2.1984,0.6137,-0.0067,2.2028,0.6118,-0.0739,2.1788,0.6057,-0.0062,2.2031,0.6143,0.0126,2.2054,0.5961,0.0407,2.2014
,0.6228,0.0231,2.205,0.6334,0.021,2.2059,0.6434,0.0246,2.2004,0.6334,0.024,2.2007,0.6241,0.0257,2.2,0.6356,0.0547,2.2031,0.6388,0.0937,2.1971,0.613,0.0884,2.193,0.609,0.0514,2.194,0.6061,0.051,2.1986,0.59,0.0758,2.1888,0.5777,0.065,2.1931,0.5865,0.0308,2.2,0.5475,0.0813,2.1715,0.5579,0.0895,2.1728,0.5409,0.1046,2.1229,0.5761,0.095,2.1722
,0.5937,0.076,2.1843,0.6053,0.1162,2.1686,0.5808,0.0942,2.1676,0.5605,0.1117,2.1229,0.567,0.1088,2.1229,0.5909,0.1274,2.1229,0.6175,0.1378,2.1229,0.6442,0.1399,2.1229,0.6695,0.1345,2.1229,0.6415,0.1212,2.0713,0.6442,0.1399,2.1229,0.6175,0.1378,2.1229,0.6442,0.1399,2.1229,0.6053,0.1162,2.0772,0.5909,0.1274,2.1229,0.6175,0.1378,2.1229,0.6053,0.1162,2.0772
,0.567,0.1088,2.1229,0.5909,0.1274,2.1229,0.6053,0.1162,2.0772,0.5605,0.1117,2.1229,0.567,0.1088,2.1229,0.5761,0.095,2.0735,0.5409,0.1046,2.1229,0.5605,0.1117,2.1229,0.5264,0.0933,2.1229,0.5409,0.1046,2.1229,0.5579,0.0895,2.0729,0.5264,0.0933,2.1229,0.6842,0.0221,2.0501,0.6605,-0.0137,2.0462,0.6584,-0.0099,2.0404,0.6829,0.026,2.0441,0.7542,0.0585,2.0779
,0.7698,0.0588,2.1044,0.729,0.0495,2.0665,0.7698,0.0588,2.1044,0.7542,0.0585,2.0779,0.7782,0.0624,2.1016,0.7133,0.0499,2.0545,0.7592,0.0679,2.0777,0.7542,0.0585,2.0779,0.7542,0.0585,2.0779,0.729,0.0495,2.0665,0.7782,0.0624,2.1016,0.7542,0.0585,2.0779,0.7592,0.0679,2.0777,0.6525,-0.0407,2.0484,0.6562,-0.0394,2.0519,0.6542,-0.0759,2.0755,0.6506,-0.0787,2.074
,0.6323,-0.0488,2.0497,0.6506,-0.0787,2.074,0.6309,-0.0782,2.0735,0.6499,-0.098,2.1229,0.6309,-0.0782,2.0735,0.6506,-0.0787,2.074,0.6506,-0.0787,2.074,0.6542,-0.0759,2.0755,0.6525,-0.0407,2.0484,0.6506,-0.0787,2.074,0.6323,-0.0488,2.0497,0.6362,-0.0433,2.0486,0.631,-0.095,2.1228,0.6499,-0.098,2.1229,0.6498,-0.0735,2.1783,0.631,-0.095,2.1228,0.6537,-0.095,2.1229
,0.6309,-0.0782,2.0735,0.631,-0.095,2.1228,0.6268,-0.0995,2.1228,0.6267,-0.0834,2.0708,0.6267,-0.0834,2.0708,0.6121,-0.1003,2.1228,0.6119,-0.0827,2.0715,0.6121,-0.1003,2.1228,0.6267,-0.0834,2.0708,0.6268,-0.0995,2.1228,0.6268,-0.0995,2.1228,0.6121,-0.1003,2.1228,0.6269,-0.0748,2.1798,0.6268,-0.0995,2.1228,0.6268,-0.0995,2.1228,0.631,-0.095,2.1228,0.6311,-0.072,2.1767
,0.6498,-0.0735,2.1783,0.6498,-0.0735,2.1783,0.6537,-0.095,2.1229,0.6536,-0.0719,2.1749,0.6498,-0.0735,2.1783,0.6499,-0.098,2.1229,0.729,0.0495,2.0665,0.6842,0.0221,2.0501,0.6829,0.026,2.0441,0.7133,0.0499,2.0545,0.6605,-0.0137,2.0462,0.6562,-0.0394,2.0519,0.6525,-0.0407,2.0484,0.7569,0.0594,2.1647,0.7658,0.0594,2.1403,0.7733,0.0618,2.1477,0.7218,0.047,2.1821
,0.7658,0.0594,2.1403,0.7569,0.0594,2.1647,0.5937,0.076,2.0615,0.609,0.0514,2.0517,0.6061,0.051,2.0471,0.59,0.0758,2.057,0.6228,0.0231,2.0408,0.6061,0.051,2.0471,0.609,0.0514,2.0517,0.6241,0.0257,2.0458,0.6334,0.024,2.045,0.6334,0.021,2.0398,0.6228,0.0231,2.0408,0.6241,0.0257,2.0458,0.6627,0.0485,2.0522,0.6848,0.0708,2.0656,0.6884,0.0697,2.0612
,0.6656,0.0477,2.0478,0.6627,0.0485,2.0522,0.6656,0.0477,2.0478,0.6447,0.0216,2.0411,0.6434,0.0246,2.0457,0.6447,0.0216,2.0411,0.6334,0.021,2.0398,0.6334,0.024,2.045,0.6434,0.0246,2.0457,0.6848,0.0708,2.0656,0.7061,0.0901,2.0836,0.709,0.0879,2.0775,0.7119,0.0905,2.0799,0.709,0.0879,2.0775,0.7061,0.0901,2.0836,0.7015,0.0586,2.0543,0.6884,0.0697,2.0612
,0.709,0.0879,2.0775,0.709,0.0879,2.0775,0.7329,0.0784,2.0725,0.7329,0.0784,2.0725,0.709,0.0879,2.0775,0.7119,0.0905,2.0799,0.6848,0.0708,2.0656,0.709,0.0879,2.0775,0.6884,0.0697,2.0612,0.7592,0.0679,2.0777,0.7133,0.0499,2.0545,0.7015,0.0586,2.0543,0.7015,0.0586,2.0543,0.7329,0.0784,2.0725,0.6884,0.0697,2.0612,0.7015,0.0586,2.0543,0.6761,0.0366,2.0443
,0.6829,0.026,2.0441,0.6761,0.0366,2.0443,0.7015,0.0586,2.0543,0.7015,0.0586,2.0543,0.7133,0.0499,2.0545,0.6656,0.0477,2.0478,0.616,-0.0274,2.0445,0.6288,-0.0455,2.0465,0.6083,-0.0309,2.0474,0.6288,-0.0455,2.0465,0.616,-0.0274,2.0445,0.6299,-0.0347,2.0436,0.6339,-0.0392,2.0436,0.6463,-0.0284,2.0412,0.6491,-0.0085,2.0392,0.6584,-0.0099,2.0404,0.6503,-0.0355,2.0431
,0.6137,-0.0067,2.043,0.6174,-0.008,2.0458,0.6194,-0.0257,2.0469,0.616,-0.0274,2.0445,0.6308,-0.0319,2.0462,0.6445,-0.027,2.0443,0.6463,-0.0284,2.0412,0.6299,-0.0347,2.0436,0.6319,0.0033,2.0402,0.6519,0.0113,2.0379,0.6584,-0.0099,2.0404,0.6491,-0.0085,2.0392,0.6143,0.0126,2.0404,0.6319,0.0033,2.0402,0.6137,-0.0067,2.043,0.6057,-0.0062,2.0426,0.6584,-0.0099,2.0404
,0.6605,-0.0137,2.0462,0.6525,-0.0407,2.0484,0.6503,-0.0355,2.0431,0.6627,0.0485,2.0522,0.6356,0.0547,2.0427,0.6388,0.0937,2.0486,0.6682,0.0846,2.0549,0.5937,0.076,2.0615,0.613,0.0884,2.0527,0.609,0.0514,2.0517,0.5961,0.0407,2.0443,0.6143,0.0126,2.0404,0.6057,-0.0062,2.0426,0.5865,0.0308,2.0458,0.5961,0.0407,2.0443,0.6061,0.051,2.0471,0.6228,0.0231,2.0408
,0.6143,0.0126,2.0404,0.6356,0.0547,2.0427,0.6334,0.024,2.045,0.6241,0.0257,2.0458,0.609,0.0514,2.0517,0.6848,0.0708,2.0656,0.6627,0.0485,2.0522,0.6682,0.0846,2.0549,0.6334,0.024,2.045,0.6356,0.0547,2.0427,0.6627,0.0485,2.0522,0.6434,0.0246,2.0457,0.6447,0.0216,2.0411,0.6656,0.0477,2.0478,0.6761,0.0366,2.0443,0.6519,0.0113,2.0379,0.6519,0.0113,2.0379
,0.6761,0.0366,2.0443,0.6829,0.026,2.0441,0.6584,-0.0099,2.0404,0.609,0.0514,2.0517,0.613,0.0884,2.0527,0.6388,0.0937,2.0486,0.6356,0.0547,2.0427,0.5961,0.0407,2.0443,0.5865,0.0308,2.0458,0.5685,0.0569,2.0546,0.5777,0.065,2.0527,0.5579,0.0895,2.0729,0.5777,0.065,2.0527,0.5685,0.0569,2.0546,0.5685,0.0569,2.0546,0.5475,0.0813,2.0743,0.5264,0.0933,2.1229
,0.5579,0.0895,2.0729,0.5475,0.0813,2.0743,0.5579,0.0895,2.0729,0.5761,0.095,2.0735,0.59,0.0758,2.057,0.5777,0.065,2.0527,0.5579,0.0895,2.0729,0.5409,0.1046,2.1229,0.5579,0.0895,2.0729,0.5761,0.095,2.0735,0.5808,0.0942,2.0781,0.5937,0.076,2.0615,0.59,0.0758,2.057,0.5761,0.095,2.0735,0.5808,0.0942,2.0781,0.5761,0.095,2.0735,0.567,0.1088,2.1229
,0.5808,0.0942,2.0781,0.567,0.1088,2.1229,0.6053,0.1162,2.0772,0.6415,0.1212,2.0713,0.6388,0.0937,2.0486,0.613,0.0884,2.0527,0.6053,0.1162,2.0772,0.6061,0.051,2.0471,0.5961,0.0407,2.0443,0.5777,0.065,2.0527,0.59,0.0758,2.057,0.7061,0.0901,2.0836,0.6848,0.0708,2.0656,0.6682,0.0846,2.0549,0.6792,0.1114,2.078,0.6334,0.021,2.0398,0.6447,0.0216,2.0411
,0.6519,0.0113,2.0379,0.6319,0.0033,2.0402,0.6415,0.1212,2.0713,0.6695,0.1345,2.1229,0.6792,0.1114,2.078,-0.1085,-0.224,2.1988,-0.1055,-0.2307,2.2018,-0.0874,-0.2546,2.1721,-0.0808,-0.2654,2.1571,-0.0784,-0.2713,2.1401,-0.0817,-0.2727,2.1311,-0.1081,-0.2263,2.1905,-0.0849,-0.2559,2.1205,-0.1016,-0.2171,2.1782,-0.1325,-0.1514,2.2008,-0.0882,-0.2683,2.1116,-0.0868,-0.2753,2.1221
,-0.0984,-0.2669,2.1063,-0.0954,-0.276,2.117,0.0874,-0.2546,2.1721,0.1055,-0.2307,2.2018,0.1085,-0.224,2.1988,0.0808,-0.2654,2.1571,0.0784,-0.2713,2.1401,0.0817,-0.2727,2.1311,0.1081,-0.2263,2.1905,0.0849,-0.2559,2.1205,0.1016,-0.2171,2.1782,0.1325,-0.1514,2.2008,0.0882,-0.2683,2.1116,0.0868,-0.2753,2.1221,0.0984,-0.2669,2.1063,0.0954,-0.276,2.117,-0.1098,-0.2672,2.1427
,-0.1089,-0.2623,2.1434,-0.1147,-0.2657,2.1332,-0.1141,-0.2697,2.1347,0.1098,-0.2672,2.1427,0.1141,-0.2697,2.1347,0.1147,-0.2657,2.1332,0.1089,-0.2623,2.1434,-0.0377,0.0664,2.3094,0,0.0772,2.3094,0,0.0994,2.3635,-0.0469,0.0794,2.3635,0,0.1013,2.4219,-0.0558,0.0816,2.4211,-0.0782,0.0248,2.3519,-0.0901,0.0508,2.4168,-0.1015,0.0157,2.4118,-0.093,-0.0339,2.3373
,-0.1113,-0.0261,2.4045,-0.1064,-0.0755,2.3896,-0.097,-0.1155,2.3706,-0.0792,-0.1079,2.3159,-0.0823,-0.1341,2.3511,-0.0623,-0.1526,2.3203,-0.0738,-0.1118,2.2814,-0.0485,-0.1674,2.2929,-0.0451,-0.1891,2.2686,-0.0491,-0.203,2.2461,-0.0953,-0.1253,2.2481,-0.063,-0.2115,2.2218,-0.0796,-0.0135,2.3058,-0.0786,-0.0126,2.3156,-0.0313,0.0845,2.2644,0,0.0994,2.3635,0,0.0772,2.3094
,0.0377,0.0664,2.3094,0.0469,0.0794,2.3635,0,0.1013,2.4219,0.0558,0.0816,2.4211,0.0782,0.0248,2.3519,0.0901,0.0508,2.4168,0.1015,0.0157,2.4118,0.093,-0.0339,2.3373,0.1113,-0.0261,2.4045,0.1064,-0.0755,2.3896,0.097,-0.1155,2.3706,0.0792,-0.1079,2.3159,0.0823,-0.1341,2.3511,0.0623,-0.1526,2.3203,0.0738,-0.1118,2.2814,0.0485,-0.1674,2.2929,0.0451,-0.1891,2.2686
,0.0491,-0.203,2.2461,0.0953,-0.1253,2.2481,0.063,-0.2115,2.2218,0.0796,-0.0135,2.3058,0.0786,-0.0126,2.3156,0.0313,0.0845,2.2644,-0.1077,-0.2711,2.1252,-0.1086,-0.2741,2.1281,-0.1141,-0.2697,2.1347,-0.1147,-0.2657,2.1332,0.1077,-0.2711,2.1252,0.1147,-0.2657,2.1332,0.1141,-0.2697,2.1347,0.1086,-0.2741,2.1281,-0.0454,0.1512,2.2585,-0.0358,0.1567,2.2508,-0.0658,0.1578,2.2373
,-0.0757,0.155,2.2453,-0.077,0.1232,2.2822,-0.1084,0.1731,2.1869,-0.121,0.18,2.1947,-0.1462,0.1909,2.1192,-0.1244,0.1426,2.2381,-0.148,0.1108,2.2722,-0.1204,0.0805,2.2996,-0.2178,0.0825,2.2638,-0.1768,0.0507,2.2911,-0.1485,0.028,2.3117,-0.2565,0.0294,2.2836,-0.2153,0.0075,2.2984,-0.1644,-0.0395,2.313,-0.2304,-0.0135,2.2918,-0.2813,0.0003,2.275,-0.2943,0.0513,2.2573
,-0.3438,0.073,2.2044,-0.2645,0.1122,2.216,-0.1649,0.1269,2.2511,-0.187,0.1407,2.2295,-0.1848,0.1615,2.182,-0.1556,0.1635,2.1869,-0.1544,0.197,2.1441,-0.1861,0.1803,2.1361,-0.1813,0.177,2.1108,-0.23,0.1744,2.1276,-0.2278,0.1693,2.1028,-0.2754,0.1749,2.1192,-0.2756,0.1661,2.0911,-0.2328,0.1626,2.175,-0.2856,0.1295,2.1652,-0.3004,0.1462,2.1156,-0.2995,0.1399,2.0919
,-0.3416,0.1178,2.0873,-0.3404,0.1251,2.1114,-0.3113,0.1213,2.1604,-0.3837,0.094,2.1495,-0.3837,0.0276,2.1994,-0.3296,0.013,2.2506,-0.3833,-0.0315,2.2418,-0.3052,-0.0345,2.2748,-0.232,-0.0372,2.2958,-0.2207,-0.069,2.2934,-0.1653,-0.1052,2.2938,-0.2219,-0.1059,2.2747,-0.1884,-0.1344,2.2675,-0.1663,-0.1665,2.2601,-0.2599,-0.1298,2.2416,-0.2679,-0.0874,2.2784,-0.2824,-0.0617,2.2757
,-0.3554,-0.0656,2.2459,-0.4508,-0.0275,2.1797,-0.4133,-0.0727,2.192,-0.32,-0.1006,2.251,-0.3003,-0.1534,2.2006,-0.2222,-0.1642,2.2331,-0.1868,-0.1818,2.2254,-0.1504,-0.1985,2.2165,-0.2135,-0.2093,2.1859,-0.2545,-0.1943,2.1924,-0.2771,-0.2134,2.1559,-0.236,-0.2234,2.1509,-0.19,-0.2398,2.1323,-0.1713,-0.2256,2.1696,-0.1401,-0.2401,2.1599,-0.1261,-0.228,2.1865,-0.1178,-0.2481,2.1627
,-0.1078,-0.2556,2.1651,-0.0984,-0.2641,2.1546,-0.1124,-0.2588,2.1483,-0.1541,-0.2504,2.132,-0.195,-0.232,2.1139,-0.2481,-0.2257,2.1239,-0.2971,-0.219,2.1071,-0.3409,-0.1747,2.117,-0.3169,-0.1637,2.1562,-0.3935,-0.1518,2.1098,-0.3395,-0.1693,2.1001,-0.2982,-0.2101,2.085,-0.2489,-0.2182,2.104,-0.1589,-0.2443,2.1161,-0.1275,-0.2586,2.112,-0.1262,-0.2647,2.1272,-0.1089,-0.2623,2.1434
,-0.0978,-0.2698,2.1407,-0.0919,-0.2722,2.1401,-0.0928,-0.2776,2.1268,-0.0972,-0.2743,2.1296,-0.1097,-0.2739,2.1177,-0.0954,-0.276,2.117,-0.1077,-0.2711,2.1252,-0.0984,-0.2669,2.1063,-0.1122,-0.2647,2.106,-0.1147,-0.2657,2.1332,-0.3908,-0.1415,2.0897,-0.4289,-0.143,2.0719,-0.4332,-0.1464,2.0955,-0.4409,-0.1023,2.0671,-0.4453,-0.105,2.0908,-0.4691,-0.0652,2.0867,-0.4646,-0.0633,2.0626
,-0.4989,-0.0273,2.0542,-0.505,-0.0269,2.0796,-0.4619,0.0133,2.0981,-0.457,0.0103,2.0739,-0.4247,0.0634,2.1056,-0.4239,0.0558,2.081,-0.4462,0.0118,2.1352,-0.4835,-0.0271,2.1226,-0.4473,-0.0638,2.1362,-0.4259,-0.0956,2.1436,-0.4055,-0.1358,2.1479,-0.3756,-0.1205,2.1971,-0.3499,-0.1458,2.1555,-0.4045,0.0601,2.1469,-0.4064,0.1079,2.1047,-0.4063,0.1012,2.0767,0.0658,0.1578,2.2373
,0.0358,0.1567,2.2508,0.0454,0.1512,2.2585,0.0757,0.155,2.2453,0.1084,0.1731,2.1869,0.077,0.1232,2.2822,0.121,0.18,2.1947,0.1462,0.1909,2.1192,0.1244,0.1426,2.2381,0.148,0.1108,2.2722,0.1204,0.0805,2.2996,0.2178,0.0825,2.2638,0.1768,0.0507,2.2911,0.1485,0.028,2.3117,0.2565,0.0294,2.2836,0.2153,0.0075,2.2984,0.1644,-0.0395,2.313,0.2304,-0.0135,2.2918
,0.2813,0.0002,2.275,0.2943,0.0513,2.2573,0.3438,0.073,2.2044,0.2645,0.1122,2.216,0.1649,0.1269,2.2511,0.187,0.1407,2.2295,0.1848,0.1615,2.182,0.1556,0.1635,2.1869,0.1544,0.197,2.1441,0.1861,0.1803,2.1361,0.1813,0.177,2.1108,0.23,0.1744,2.1276,0.2278,0.1693,2.1028,0.2754,0.1749,2.1192,0.2756,0.1661,2.0911,0.2328,0.1626,2.175,0.2856,0.1295,2.1652
,0.3004,0.1462,2.1156,0.2995,0.1399,2.0919,0.3416,0.1178,2.0873,0.3404,0.1251,2.1114,0.3113,0.1213,2.1604,0.3837,0.094,2.1495,0.3837,0.0276,2.1994,0.3296,0.013,2.2506,0.3833,-0.0315,2.2418,0.3052,-0.0345,2.2748,0.232,-0.0372,2.2958,0.2207,-0.069,2.2934,0.1653,-0.1052,2.2938,0.2219,-0.1059,2.2747,0.1884,-0.1344,2.2675,0.1663,-0.1665,2.2601,0.2599,-0.1298,2.2416
,0.2222,-0.1642,2.2331,0.1868,-0.1818,2.2254,0.1504,-0.1985,2.2165,0.1713,-0.2256,2.1696,0.2135,-0.2093,2.1859,0.2545,-0.1943,2.1924,0.3003,-0.1534,2.2006,0.32,-0.1006,2.251,0.2679,-0.0874,2.2784,0.2824,-0.0617,2.2757,0.3554,-0.0656,2.2459,0.4133,-0.0727,2.192,0.3756,-0.1205,2.1971,0.3499,-0.1458,2.1555,0.3169,-0.1637,2.1562,0.2771,-0.2134,2.1559,0.236,-0.2234,2.1509
,0.19,-0.2398,2.1323,0.1401,-0.2401,2.1599,0.1261,-0.228,2.1865,0.1178,-0.2481,2.1627,0.1078,-0.2556,2.1651,0.0984,-0.2641,2.1546,0.1124,-0.2588,2.1483,0.1541,-0.2504,2.132,0.195,-0.232,2.1139,0.2481,-0.2257,2.1239,0.2971,-0.219,2.1071,0.3409,-0.1747,2.117,0.3935,-0.1518,2.1098,0.4055,-0.1358,2.1479,0.4259,-0.0956,2.1436,0.4332,-0.1464,2.0955,0.4289,-0.143,2.0719
,0.3908,-0.1415,2.0897,0.3395,-0.1693,2.1001,0.2982,-0.2101,2.085,0.2489,-0.2182,2.104,0.1589,-0.2443,2.1161,0.1275,-0.2586,2.112,0.1262,-0.2647,2.1272,0.1089,-0.2623,2.1434,0.0978,-0.2698,2.1407,0.0919,-0.2722,2.1401,0.0928,-0.2776,2.1268,0.0972,-0.2743,2.1296,0.1097,-0.2739,2.1177,0.0954,-0.276,2.117,0.1077,-0.2711,2.1252,0.0984,-0.2669,2.1063,0.1122,-0.2647,2.106
,0.1147,-0.2657,2.1332,0.4409,-0.1023,2.0671,0.4453,-0.105,2.0908,0.4691,-0.0652,2.0867,0.4646,-0.0633,2.0626,0.4989,-0.0273,2.0542,0.505,-0.0269,2.0796,0.4619,0.0133,2.0981,0.457,0.0103,2.0739,0.4247,0.0634,2.1056,0.4239,0.0558,2.081,0.4462,0.0118,2.1352,0.4835,-0.0271,2.1226,0.4473,-0.0638,2.1362,0.4508,-0.0275,2.1797,0.4045,0.0601,2.1469,0.4064,0.1079,2.1047
,0.4063,0.1012,2.0767,-0.1325,-0.1514,2.2008,-0.0849,-0.2559,2.1205,-0.0882,-0.2683,2.1116,-0.0984,-0.2669,2.1063,-0.1122,-0.2647,2.106,-0.1275,-0.2586,2.112,-0.2125,-0.1452,2.1881,-0.1589,-0.2443,2.1161,-0.195,-0.232,2.1139,-0.2489,-0.2182,2.104,-0.2982,-0.2101,2.085,-0.3395,-0.1693,2.1001,-0.3908,-0.1415,2.0897,-0.3505,-0.0884,2.1688,-0.4289,-0.143,2.0719,-0.4409,-0.1023,2.0671
,-0.4646,-0.0633,2.0626,-0.4989,-0.0273,2.0542,-0.457,0.0103,2.0739,-0.3217,0.0167,2.1862,-0.4239,0.0558,2.081,-0.4063,0.1012,2.0767,-0.2888,0.1075,2.1667,-0.3416,0.1178,2.0873,-0.2995,0.1399,2.0919,-0.2756,0.1661,2.0911,-0.1661,0.1075,2.2062,-0.2278,0.1693,2.1028,-0.1813,0.177,2.1108,-0.1462,0.1909,2.1192,-0.1084,0.1731,2.1869,-0.0658,0.1578,2.2373,-0.0851,0.0949,2.2541
,-0.1984,0.0007,2.2419,-0.1348,-0.0086,2.2724,-0.0313,0.0845,2.2644,-0.0358,0.1567,2.2508,-0.0796,-0.0135,2.3058,-0.0953,-0.1253,2.2481,-0.063,-0.2115,2.2218,-0.0845,-0.2203,2.1943,-0.1016,-0.2171,2.1782,-0.0978,-0.2698,2.1407,-0.1089,-0.2623,2.1434,-0.1098,-0.2672,2.1427,-0.101,-0.2728,2.1407,-0.1004,-0.2767,2.1317,-0.0972,-0.2743,2.1296,-0.1077,-0.2711,2.1252,-0.1086,-0.2741,2.1281
,-0.1069,-0.2752,2.1369,-0.1141,-0.2697,2.1347,0.0882,-0.2683,2.1116,0.0849,-0.2559,2.1205,0.1325,-0.1514,2.2008,0.0984,-0.2669,2.1063,0.1122,-0.2647,2.106,0.1275,-0.2586,2.112,0.2125,-0.1452,2.1881,0.1589,-0.2443,2.1161,0.195,-0.232,2.1139,0.2489,-0.2182,2.104,0.2982,-0.2101,2.085,0.3395,-0.1693,2.1001,0.3908,-0.1415,2.0897,0.3505,-0.0884,2.1688,0.4289,-0.143,2.0719
,0.4409,-0.1023,2.0671,0.4646,-0.0633,2.0626,0.4989,-0.0273,2.0542,0.457,0.0103,2.0739,0.3217,0.0167,2.1862,0.4239,0.0558,2.081,0.4063,0.1012,2.0767,0.2888,0.1075,2.1667,0.3416,0.1178,2.0873,0.2995,0.1399,2.0919,0.2756,0.1661,2.0911,0.1661,0.1075,2.2062,0.2278,0.1693,2.1028,0.1813,0.177,2.1108,0.1462,0.1909,2.1192,0.1084,0.1731,2.1869,0.0658,0.1578,2.2373
,0.0851,0.0949,2.2541,0.1984,0.0007,2.2419,0.1348,-0.0086,2.2724,0.0313,0.0845,2.2644,0.0358,0.1567,2.2508,0.0796,-0.0135,2.3058,0.0953,-0.1253,2.2481,0.063,-0.2115,2.2218,0.0845,-0.2203,2.1943,0.1016,-0.2171,2.1782,0.1098,-0.2672,2.1427,0.1089,-0.2623,2.1434,0.0978,-0.2698,2.1407,0.101,-0.2728,2.1407,0.1069,-0.2752,2.1369,0.1141,-0.2697,2.1347,0.1086,-0.2741,2.1281
,0.1004,-0.2767,2.1317,0.0972,-0.2743,2.1296,0.1077,-0.2711,2.1252,0.1018,-0.2315,2.1161,0.1256,-0.206,2.1636,0.0896,-0.2406,2.1263,0.0841,-0.2561,2.0678,0.0718,-0.2696,2.0764,0.0599,-0.2895,2.0212,0.0764,-0.2767,2.0091,0.0412,-0.2916,1.9662,0.0279,-0.3086,1.9717,0.0071,-0.3206,1.9322,0.0078,-0.308,1.9068,0.1363,0.0886,1.5984,0.1683,0.0745,1.6351,0.1812,0.0776,1.6418
,0.1463,0.0959,1.5942,0.1219,0.1208,1.5719,0.1091,0.1163,1.5739,0.1428,0.1388,1.497,0.1307,0.1343,1.4897,0.1256,-0.206,2.1636,0.1018,-0.2315,2.1161,0.1519,-0.2271,2.066,0.1815,-0.2102,2.108,0.2814,-0.1574,2.0228,0.2519,-0.184,1.9872,-0.2013,-0.1695,1.6263,-0.2244,-0.041,1.6382,-0.1858,-0.1784,1.6768,-0.1802,-0.1782,1.6949,-0.2244,-0.041,1.6382,-0.1791,-0.1446,1.7486
