{"producer":{"name":"Blender","version":"3.6.2","exporter_version":"3.3.1","file":"c2390.babylon"},
"autoClear":true,"clearColor":[0.0509,0.0509,0.0509],"gravity":[0,0,-9.81],
"materials":[{"name":"c1200_0","id":"c1200_0","customType":"BABYLON.StandardMaterial","backFaceCulling":false,"emissive":[0,0,0],"specularPower":64,"indexOfRefraction":1, 
"diffuseTexture":{"name":"c2390_WP_A_0260.png","hasAlpha":true,"level":1,"coordinatesMode":0,"coordinatesIndex":0,"wrapU":1,"wrapV":1}, 
"specularTexture":{"name":"c2390_WP_A_0260_s.png","hasAlpha":true,"level":1,"coordinatesMode":0,"coordinatesIndex":0,"wrapU":1,"wrapV":1}, 
"bumpTexture":{"name":"c2390_WP_A_0260_n.png","hasAlpha":true,"level":1,"coordinatesMode":0,"coordinatesIndex":0,"wrapU":1,"wrapV":1}},
{"name":"c1200_3","id":"c1200_3","customType":"BABYLON.StandardMaterial","backFaceCulling":false,"emissive":[0,0,0],"specularPower":38.4,"indexOfRefraction":1, 
"diffuseTexture":{"name":"c2390.png","hasAlpha":true,"level":1,"coordinatesMode":0,"coordinatesIndex":0,"wrapU":1,"wrapV":1}, 
"specularTexture":{"name":"c2390_s.png","hasAlpha":true,"level":1,"coordinatesMode":0,"coordinatesIndex":0,"wrapU":1,"wrapV":1}, 
"bumpTexture":{"name":"c2390_n.png","hasAlpha":true,"level":1,"coordinatesMode":0,"coordinatesIndex":0,"wrapU":1,"wrapV":1}},
{"name":"c1200_1","id":"c1200_1","customType":"BABYLON.StandardMaterial","backFaceCulling":false,"emissive":[1,1,1],"specularPower":0,"indexOfRefraction":1, 
"diffuseTexture":{"name":"c2390.png","hasAlpha":true,"level":1,"coordinatesMode":0,"coordinatesIndex":0,"wrapU":1,"wrapV":1}, 
"specularTexture":{"name":"c2390_s.png","hasAlpha":true,"level":1,"coordinatesMode":0,"coordinatesIndex":0,"wrapU":1,"wrapV":1}, 
"bumpTexture":{"name":"c2390_n.png","hasAlpha":true,"level":1,"coordinatesMode":0,"coordinatesIndex":0,"wrapU":1,"wrapV":1}},
{"name":"c1200_2","id":"c1200_2","customType":"BABYLON.StandardMaterial","backFaceCulling":false,"emissive":[0,0,0],"specularPower":38.4,"indexOfRefraction":1, 
"diffuseTexture":{"name":"c2390.png","hasAlpha":true,"level":1,"coordinatesMode":0,"coordinatesIndex":0,"wrapU":1,"wrapV":1}, 
"specularTexture":{"name":"c2390_s.png","hasAlpha":true,"level":1,"coordinatesMode":0,"coordinatesIndex":0,"wrapU":1,"wrapV":1}, 
"bumpTexture":{"name":"c2390_n.png","hasAlpha":true,"level":1,"coordinatesMode":0,"coordinatesIndex":0,"wrapU":1,"wrapV":1}}],
"multiMaterials":[{"name":"c2390.Multimaterial#0","id":"c2390.Multimaterial#0","materials":["c1200_0","c1200_3","c1200_1","c1200_2"]}],
"skeletons":[{"name":"DW_rig","id":0,"dimensionsAtRest":[2.0357,1.2079,2.0445],"bones":[
{"name":"main","index":0,"matrix":[0.9999,0.0101,0.0037,0,-0.0037,0,1,0,0.0101,-0.9999,0,0,-0.0021,0,0.0057,1],"rest":[0.9999,0.0101,0.0037,0,-0.0037,0,1,0,0.0101,-0.9999,0,0,-0.0021,0,0.0057,1],"parentBoneIndex":-1,"length":0.2272},
{"name":"chest","index":1,"matrix":[0.9999,-0.0037,0.0101,0,0.0037,1,0,0,-0.0101,0,0.9999,0,0.0063,1.1367,0.0001,1],"rest":[0.9999,-0.0037,0.0101,0,0.0037,1,0,0,-0.0101,0,0.9999,0,0.0063,1.1367,0.0001,1],"parentBoneIndex":0,"length":0.5308},
{"name":"shoulder L","index":2,"matrix":[0.2009,-0.9763,0.0807,0,0.9674,0.1848,-0.1732,0,0.1541,0.1129,0.9816,0,0,0.5308,0,1],"rest":[0.2009,-0.9763,0.0807,0,0.9674,0.1848,-0.1732,0,0.1541,0.1129,0.9816,0,0,0.5308,0,1],"parentBoneIndex":1,"length":0.2024},
{"name":"upper_arm L","index":3,"matrix":[0.9593,-0.2794,-0.042,0,0.2821,0.9554,0.0877,0,0.0156,-0.096,0.9953,0,0,0.2024,0,1],"rest":[0.9593,-0.2794,-0.042,0,0.2821,0.9554,0.0877,0,0.0156,-0.096,0.9953,0,0,0.2024,0,1],"parentBoneIndex":2,"length":0.3044},
{"name":"lower_arm L","index":4,"matrix":[0.998,0.0638,0.0026,0,-0.0637,0.9921,0.1084,0,0.0043,-0.1084,0.9941,0,0,0.3044,0,1],"rest":[0.998,0.0638,0.0026,0,-0.0637,0.9921,0.1084,0,0.0043,-0.1084,0.9941,0,0,0.3044,0,1],"parentBoneIndex":3,"length":0.2892},
{"name":"palm L","index":5,"matrix":[0.9978,0.0655,0.0014,0,-0.0655,0.9978,-0.0069,0,-0.0019,0.0068,1,0,0,0.2892,0,1],"rest":[0.9978,0.0655,0.0014,0,-0.0655,0.9978,-0.0069,0,-0.0019,0.0068,1,0,0,0.2892,0,1],"parentBoneIndex":4,"length":0.1325},
{"name":"fingers L","index":6,"matrix":[0.9938,-0.1113,-0.0025,0,0.1112,0.9938,-0.004,0,0.0029,0.0037,1,0,0,0.1325,0,1],"rest":[0.9938,-0.1113,-0.0025,0,0.1112,0.9938,-0.004,0,0.0029,0.0037,1,0,0,0.1325,0,1],"parentBoneIndex":5,"length":0.0984},
{"name":"thumb L","index":7,"matrix":[0.8942,-0.4467,0.0296,0,0.3855,0.8019,0.4564,0,-0.2276,-0.3967,0.8893,0,0,0,0,1],"rest":[0.8942,-0.4467,0.0296,0,0.3855,0.8019,0.4564,0,-0.2276,-0.3967,0.8893,0,0,0,0,1],"parentBoneIndex":5,"length":0.1654},
{"name":"neck","index":8,"matrix":[0.9999,-0.0116,0.0083,0,0.0138,0.932,-0.3622,0,-0.0036,0.3623,0.9321,0,0,0.5308,0,1],"rest":[0.9999,-0.0116,0.0083,0,0.0138,0.932,-0.3622,0,-0.0036,0.3623,0.9321,0,0,0.5308,0,1],"parentBoneIndex":1,"length":0.1357},
{"name":"head","index":9,"matrix":[0.9997,0.0217,-0.007,0,-0.0141,0.8292,0.5588,0,0.018,-0.5586,0.8292,0,0,0.1357,0,1],"rest":[0.9997,0.0217,-0.007,0,-0.0141,0.8292,0.5588,0,0.018,-0.5586,0.8292,0,0,0.1357,0,1],"parentBoneIndex":8,"length":0.2568},
{"name":"upper_leg L","index":10,"matrix":[1,0.0025,0.0025,0,0.0025,-0.9999,0.017,0,0.0025,-0.017,-0.9999,0,0.1241,-0.1227,-0.0207,1],"rest":[1,0.0025,0.0025,0,0.0025,-0.9999,0.017,0,0.0025,-0.017,-0.9999,0,0.1241,-0.1227,-0.0207,1],"parentBoneIndex":1,"length":0.388},
{"name":"lower_leg L","index":11,"matrix":[0.9999,0.0103,0.0112,0,-0.0112,0.9964,0.0838,0,-0.0103,-0.0839,0.9964,0,0,0.388,0,1],"rest":[0.9999,0.0103,0.0112,0,-0.0112,0.9964,0.0838,0,-0.0103,-0.0839,0.9964,0,0,0.388,0,1],"parentBoneIndex":10,"length":0.5336},
{"name":"foot L","index":12,"matrix":[0.9999,-0.0086,-0.008,0,-0.0056,0.2558,-0.9667,0,0.0103,0.9667,0.2557,0,0,0.5336,0,1],"rest":[0.9999,-0.0086,-0.008,0,-0.0056,0.2558,-0.9667,0,0.0103,0.9667,0.2557,0,0,0.5336,0,1],"parentBoneIndex":11,"length":0.239},
{"name":"shoulder R","index":13,"matrix":[0.2009,0.9763,-0.0807,0,-0.9674,0.1848,-0.1732,0,-0.1541,0.1129,0.9816,0,0,0.5308,0,1],"rest":[0.2009,0.9763,-0.0807,0,-0.9674,0.1848,-0.1732,0,-0.1541,0.1129,0.9816,0,0,0.5308,0,1],"parentBoneIndex":1,"length":0.2024},
{"name":"upper_arm R","index":14,"matrix":[0.9593,0.2794,0.042,0,-0.2821,0.9554,0.0877,0,-0.0156,-0.096,0.9953,0,0,0.2024,0,1],"rest":[0.9593,0.2794,0.042,0,-0.2821,0.9554,0.0877,0,-0.0156,-0.096,0.9953,0,0,0.2024,0,1],"parentBoneIndex":13,"length":0.3044},
{"name":"lower_arm R","index":15,"matrix":[0.998,-0.0638,-0.0026,0,0.0637,0.9921,0.1084,0,-0.0043,-0.1084,0.9941,0,0,0.3044,0,1],"rest":[0.998,-0.0638,-0.0026,0,0.0637,0.9921,0.1084,0,-0.0043,-0.1084,0.9941,0,0,0.3044,0,1],"parentBoneIndex":14,"length":0.2892},
{"name":"palm R","index":16,"matrix":[0.9978,-0.0655,-0.0014,0,0.0655,0.9978,-0.0069,0,0.0019,0.0068,1,0,0,0.2892,0,1],"rest":[0.9978,-0.0655,-0.0014,0,0.0655,0.9978,-0.0069,0,0.0019,0.0068,1,0,0,0.2892,0,1],"parentBoneIndex":15,"length":0.1325},
{"name":"fingers R","index":17,"matrix":[0.9938,0.1113,0.0025,0,-0.1112,0.9938,-0.004,0,-0.0029,0.0037,1,0,0,0.1325,0,1],"rest":[0.9938,0.1113,0.0025,0,-0.1112,0.9938,-0.004,0,-0.0029,0.0037,1,0,0,0.1325,0,1],"parentBoneIndex":16,"length":0.0984},
{"name":"sword","index":18,"matrix":[0.0447,-0.998,0.0441,0,-0.0816,0.0404,0.9958,0,-0.9957,-0.0481,-0.0797,0,-0.0278,0.1191,-0.1656,1],"rest":[0.0447,-0.998,0.0441,0,-0.0816,0.0404,0.9958,0,-0.9957,-0.0481,-0.0797,0,-0.0278,0.1191,-0.1656,1],"parentBoneIndex":16,"length":1.2079},
{"name":"thumb R","index":19,"matrix":[0.8942,0.4467,-0.0296,0,-0.3855,0.8019,0.4564,0,0.2276,-0.3967,0.8893,0,0,0,0,1],"rest":[0.8942,0.4467,-0.0296,0,-0.3855,0.8019,0.4564,0,0.2276,-0.3967,0.8893,0,0,0,0,1],"parentBoneIndex":16,"length":0.1654},
{"name":"upper_leg R","index":20,"matrix":[1,-0.0025,-0.0025,0,-0.0025,-0.9999,0.017,0,-0.0025,-0.017,-0.9999,0,-0.1241,-0.1227,-0.0207,1],"rest":[1,-0.0025,-0.0025,0,-0.0025,-0.9999,0.017,0,-0.0025,-0.017,-0.9999,0,-0.1241,-0.1227,-0.0207,1],"parentBoneIndex":1,"length":0.388},
{"name":"lower_leg R","index":21,"matrix":[0.9999,-0.0103,-0.0112,0,0.0112,0.9964,0.0838,0,0.0103,-0.0839,0.9964,0,0,0.388,0,1],"rest":[0.9999,-0.0103,-0.0112,0,0.0112,0.9964,0.0838,0,0.0103,-0.0839,0.9964,0,0,0.388,0,1],"parentBoneIndex":20,"length":0.5336},
{"name":"foot R","index":22,"matrix":[0.9999,0.0086,0.008,0,0.0056,0.2558,-0.9667,0,-0.0103,0.9667,0.2557,0,0,0.5336,0,1],"rest":[0.9999,0.0086,0.008,0,0.0056,0.2558,-0.9667,0,-0.0103,0.9667,0.2557,0,0,0.5336,0,1],"parentBoneIndex":21,"length":0.239},
{"name":"sheath","index":23,"matrix":[1,0,0,0,0,0.9996,-0.0266,0,0,0.0266,0.9996,0,0.2557,-0.6907,0.0134,1],"rest":[1,0,0,0,0,0.9996,-0.0266,0,0,0.0266,0.9996,0,0.2557,-0.6907,0.0134,1],"parentBoneIndex":1,"length":0.8992}]
,"ranges":[]}],
"meshes":[{"name":"mesh0","id":"mesh0","materialId":"c2390.Multimaterial#0","billboardMode":0,"position":[0,0,0],"metadata": {"castShadows":1,"forceBaking":0,"usePNG":1},"rotation":[0,0,0],"scaling":[1,1,1],"isVisible":true,"isEnabled":true,"pickable":false,"skeletonId":0,"numBoneInfluencers":5
,"positions":[0.2512,0.0003,0.323,0.251,-0.007,0.323,0.2431,-0.0208,0.386,0.2432,0.0142,0.3862,0.2526,0.0036,0.323,0.2583,0.0002,0.3231,0.2568,0.0035,0.323,0.2547,0.0412,0.3862,0.2583,0.0002,0.3231,0.2568,0.0035,0.323,0.2568,0.0035,0.323,0.2548,0.0052,0.3239,0.2548,0.0052,0.3239,0.2547,0.0412,0.3862,0.2548,0.0052,0.3239,0.2547,0.0412,0.3862,0.2316,0.0318,0.4657
,0.2547,0.0412,0.3862,0.2316,-0.0383,0.4657,0.2547,-0.0447,0.3862,0.2547,-0.0737,0.4657,0.2316,-0.0392,0.7704,0.2547,-0.0753,0.7704,0.2423,-0.0764,0.8088,0.2547,-0.0956,0.7959,0.2485,-0.0961,0.8088,0.2547,-0.1158,0.8088,0.2547,-0.0956,0.7959,0.261,-0.0961,0.8088,0.2547,-0.1158,0.8088,0.2547,-0.0972,0.8217,0.2547,-0.0784,0.8409,0.2316,-0.0407,0.8409,0.2547,-0.08,1.2945
,0.2547,-0.0784,0.8409,0.2891,-0.0412,1.3298,0.2547,-0.08,1.2945,0.2204,-0.0412,1.3298,0.2316,0.0342,0.8409,0.2316,0.0326,0.7704,0.2547,0.0672,0.4657,0.2547,0.0412,0.3862,0.2547,0.0672,0.4657,0.2779,0.0318,0.4657,0.2547,0.0412,0.3862,0.2547,0.0687,0.7704,0.2547,0.0672,0.4657,0.2547,0.0687,0.7704,0.2468,0.0698,0.8088,0.2547,0.0687,0.7704,0.2547,0.0687,0.7704
,0.2508,0.0895,0.8088,0.2547,0.0889,0.7959,0.2547,0.0687,0.7704,0.2547,0.1092,0.8088,0.2547,0.0904,0.8217,0.2587,0.0895,0.8088,0.2547,0.1092,0.8088,0.2547,0.0904,0.8217,0.2547,0.0904,0.8217,0.2547,0.0718,0.8409,0.2547,0.0718,0.8409,0.2547,0.0718,0.8409,0.2204,0.0346,1.3298,0.2547,0.0718,0.8409,0.2547,0.0718,0.8409,0.2547,0.0734,1.2945,0.2547,0.0734,1.2945
,0.2779,0.0342,0.8409,0.2547,0.0718,0.8409,0.2287,0.0739,1.3352,0.2547,0.0998,1.325,0.2808,0.0739,1.3352,0.2547,0.0734,1.2945,0.2547,0.0998,1.325,0.2364,0.117,1.3539,0.2148,0.0852,1.3845,0.2382,0.1566,1.3701,0.207,0.044,1.4051,0.207,0.0131,1.401,0.207,-0.0413,1.3937,0.2256,-0.0718,1.3339,0.2547,-0.094,1.3206,0.2547,-0.08,1.2945,0.2839,-0.0718,1.3339
,0.2547,-0.094,1.3206,0.2403,-0.133,1.3539,0.214,-0.0881,1.3916,0.246,-0.1723,1.391,0.2418,-0.1616,1.4014,0.2547,-0.1984,1.4222,0.2547,-0.175,1.3687,0.2635,-0.1723,1.391,0.2547,-0.1984,1.4222,0.2547,-0.175,1.3687,0.2547,-0.1442,1.3469,0.2691,-0.133,1.3539,0.2547,-0.1442,1.3469,0.2547,-0.094,1.3206,0.2547,-0.175,1.3687,0.2547,-0.1442,1.3469,0.2547,0.1426,1.3482
,0.2547,0.1927,1.3752,0.2731,0.117,1.3539,0.2547,0.0998,1.325,0.2547,0.1426,1.3482,0.205,-0.0154,1.4176,0.2205,-0.0413,1.3937,0.2134,-0.0154,1.4176,0.205,0.0083,1.4236,0.2134,0.0083,1.4236,0.2205,0.0131,1.401,0.2382,0.1566,1.3701,0.2547,0.0267,1.3375,0.2547,0.1927,1.3752,0.2547,0.0267,1.3375,0.2889,-0.0413,1.3937,0.2889,0.0131,1.401,0.3025,0.044,1.4051
,0.2547,0.0267,1.3375,0.2954,-0.0881,1.3916,0.2547,0.0267,1.3375,0.2148,0.0852,1.3845,0.2547,0.0267,1.3375,0.2382,0.1566,1.3701,0.3025,-0.0413,1.3937,0.296,-0.0154,1.4176,0.296,0.0083,1.4236,0.3025,0.0131,1.401,0.2547,0.1426,1.3482,0.2547,0.1927,1.3752,0.2713,0.1566,1.3701,0.2731,0.117,1.3539,0.2947,0.0852,1.3845,0.2808,0.0739,1.3352,0.2547,0.0998,1.325
,0.2891,0.0346,1.3298,0.3025,0.044,1.4051,0.2547,0.0734,1.2945,0.3025,0.0131,1.401,0.2779,0.0342,0.8409,0.2779,-0.0407,0.8409,0.2891,-0.0412,1.3298,0.3025,-0.0413,1.3937,0.3044,-0.0154,1.4176,0.3044,0.0083,1.4236,0.2889,0.0131,1.401,0.296,0.0083,1.4236,0.296,-0.0154,1.4176,0.2889,-0.0413,1.3937,0.2839,-0.0718,1.3339,0.2954,-0.0881,1.3916,0.2547,-0.08,1.2945
,0.2547,-0.0784,0.8409,0.2672,-0.0764,0.8088,0.2547,-0.0972,0.8217,0.261,-0.0961,0.8088,0.2547,-0.1158,0.8088,0.2547,-0.0753,0.7704,0.2547,-0.0956,0.7959,0.2779,-0.0392,0.7704,0.2779,0.0326,0.7704,0.2779,-0.0383,0.4657,0.2547,-0.0737,0.4657,0.2547,-0.0447,0.3862,0.2664,-0.0209,0.3869,0.2779,0.0318,0.4657,0.2547,0.0687,0.7704,0.2627,0.0698,0.8088,0.2547,0.0889,0.7959
,0.2547,0.0718,0.8409,0.2587,0.0895,0.8088,0.2547,0.1092,0.8088,0.2664,0.0143,0.3871,0.2547,0.0412,0.3862,0.2583,0.0002,0.3231,0.2583,-0.0068,0.3231,0.2512,0.0003,0.323,0.251,-0.007,0.323,0.2568,-0.0097,0.323,0.2548,-0.0118,0.3239,0.2524,-0.0099,0.323,0.2524,-0.0099,0.323,0.2548,-0.0118,0.3239,0.2547,-0.0447,0.3862,0.2547,-0.0447,0.3862,0.251,-0.007,0.323
,0.2524,-0.0099,0.323,0.2431,-0.0208,0.386,0.251,-0.007,0.323,0.2547,-0.0447,0.3862,0.2635,-0.1723,1.391,0.2547,-0.175,1.3687,0.2691,-0.133,1.3539,0.2677,-0.1616,1.4014,0.2547,-0.1984,1.4222,0.2547,-0.094,1.3206,0.2547,-0.1648,1.3803,0.2954,-0.0881,1.3916,0.2547,-0.086,1.3627,0.2547,-0.086,1.3627,0.2418,-0.1616,1.4014,0.2547,-0.1648,1.3803,0.2547,-0.1984,1.4222
,0.2547,-0.1648,1.3803,0.2418,-0.1616,1.4014,0.214,-0.0881,1.3916,0.2547,-0.086,1.3627,0.2547,0.0267,1.3375,0.2205,-0.0413,1.3937,0.2547,-0.086,1.3627,0.2547,-0.086,1.3627,0.2954,-0.0881,1.3916,0.2547,0.0267,1.3375,0.2547,-0.086,1.3627,0.207,-0.0413,1.3937,0.214,-0.0881,1.3916,0.2547,-0.086,1.3627,0.2205,0.0131,1.401,0.2134,-0.0154,1.4176,0.2134,0.0083,1.4236
,0.207,0.044,1.4051,0.207,0.0131,1.401,0.2947,0.0852,1.3845,0.2547,0.0267,1.3375,0.3025,0.044,1.4051,0.207,0.044,1.4051,0.2547,0.0267,1.3375,0.2148,0.0852,1.3845,0.2547,0.1927,1.3752,0.2547,0.0267,1.3375,0.2713,0.1566,1.3701,0.2713,0.1566,1.3701,0.2547,0.0267,1.3375,0.2947,0.0852,1.3845,-0.8114,-0.1477,1.6672,-0.735,-0.1304,1.6487,-0.8398,-0.1288,1.6773
,-0.8611,-0.1499,1.6783,-0.8796,-0.1468,1.6849,-0.9467,-0.1468,1.6849,-0.9863,-0.1288,1.6773,-0.9364,-0.1487,1.6849,-0.8898,-0.1487,1.6849,-0.9348,-0.1588,1.6849,-0.8914,-0.1588,1.6849,-0.9475,-0.165,1.6849,-0.8786,-0.165,1.6849,-0.9302,-0.2106,1.6849,-0.9702,-0.1762,1.6783,-0.9617,-0.1594,1.6783,-1.0147,-0.1477,1.6672,-0.965,-0.1499,1.6783,-1.0913,-0.1304,1.6487,-1.0827,-0.1379,1.6487
,-1.0228,-0.151,1.6487,-1.0827,-0.1379,1.6487,-1.0147,-0.1477,1.6302,-1.0228,-0.151,1.6487,-1.0039,-0.1808,1.6487,-1.0228,-0.151,1.6487,-1.0039,-0.1808,1.6487,-1.0039,-0.1808,1.6487,-0.996,-0.1759,1.6673,-0.9785,-0.191,1.6487,-1.0039,-0.1808,1.6487,-1.0039,-0.1808,1.6487,-0.996,-0.1759,1.6301,-0.9785,-0.191,1.6487,-0.9492,-0.2106,1.6783,-0.9535,-0.2258,1.6639,-0.9751,-0.2258,1.6487
,-0.9506,-0.2334,1.6783,-0.8959,-0.2106,1.6849,-0.8559,-0.1762,1.6783,-0.8645,-0.1594,1.6783,-0.8301,-0.1759,1.6673,-0.8222,-0.1808,1.6487,-0.8034,-0.151,1.6487,-0.8477,-0.191,1.6487,-0.8301,-0.1759,1.6301,-0.8222,-0.1808,1.6487,-0.8477,-0.191,1.6487,-0.8769,-0.2106,1.6783,-0.8755,-0.2334,1.6783,-0.8726,-0.2258,1.6639,-0.851,-0.2258,1.6487,-0.851,-0.2258,1.6487,-0.8726,-0.2258,1.6334
,-0.8477,-0.191,1.6487,-0.8641,-0.2463,1.6812,-0.8465,-0.233,1.6749,-0.962,-0.2463,1.6812,-0.9797,-0.233,1.6749,-1.011,-0.2463,1.6487,-1.0315,-0.2327,1.6632,-1.0309,-0.2397,1.6487,-1.051,-0.2372,1.6487,-1.0315,-0.2327,1.6342,-1.0309,-0.2397,1.6487,-1.051,-0.2372,1.6487,-1.011,-0.2463,1.6487,-1.0309,-0.2397,1.6487,-0.9908,-0.2682,1.6487,-1.011,-0.2463,1.6487,-0.962,-0.2463,1.6162
,-0.9908,-0.2682,1.6487,-0.9499,-0.2682,1.6757,-0.8762,-0.2682,1.6757,-0.9379,-0.2902,1.6702,-0.9827,-0.2902,1.6487,-0.9908,-0.2682,1.6487,-0.9379,-0.2902,1.6272,-0.9827,-0.2902,1.6487,-0.9359,-1.0922,1.6645,-0.977,-1.0922,1.6487,-0.8903,-1.0922,1.6645,-0.8882,-0.2902,1.6702,-0.8353,-0.2682,1.6487,-0.8151,-0.2463,1.6487,-0.7946,-0.2327,1.6632,-0.7952,-0.2396,1.6487,-0.7752,-0.2372,1.6487
,-0.7946,-0.2327,1.6342,-0.7752,-0.2372,1.6487,-0.7952,-0.2396,1.6487,-0.7952,-0.2396,1.6487,-0.8151,-0.2463,1.6487,-0.8641,-0.2463,1.6162,-0.8151,-0.2463,1.6487,-0.8353,-0.2682,1.6487,-0.8435,-0.2902,1.6487,-0.8435,-0.2902,1.6487,-0.8882,-0.2902,1.6272,-0.8353,-0.2682,1.6487,-0.8491,-1.0922,1.6487,-0.9132,-1.2397,1.6487,-0.8722,-1.1714,1.6487,-0.9516,-1.1714,1.6487,-0.8465,-0.233,1.6225
,-0.8755,-0.2334,1.619,-0.8726,-0.2258,1.6334,-0.851,-0.2258,1.6487,-0.7946,-0.2291,1.6487,-0.7946,-0.2327,1.6342,-0.7752,-0.2372,1.6487,-0.7946,-0.2327,1.6632,-0.8465,-0.233,1.6749,-0.8726,-0.2258,1.6639,-0.8755,-0.2334,1.6783,-0.8465,-0.233,1.6225,-0.7946,-0.2327,1.6342,-0.8151,-0.2463,1.6487,-0.8641,-0.2463,1.6162,-0.8755,-0.2334,1.619,-0.962,-0.2463,1.6162,-0.9499,-0.2682,1.6217
,-0.8762,-0.2682,1.6217,-0.8353,-0.2682,1.6487,-0.8882,-0.2902,1.6272,-0.9379,-0.2902,1.6272,-0.9908,-0.2682,1.6487,-0.9506,-0.2334,1.619,-0.9797,-0.233,1.6225,-1.011,-0.2463,1.6487,-1.0315,-0.2327,1.6342,-0.9359,-1.0922,1.6328,-0.977,-1.0922,1.6487,-0.9827,-0.2902,1.6487,-0.9516,-1.1714,1.6487,-0.9516,-1.1714,1.6487,-0.9359,-1.0922,1.6645,-0.977,-1.0922,1.6487,-0.9132,-1.2397,1.6487
,-0.8903,-1.0922,1.6328,-0.8722,-1.1714,1.6487,-0.8491,-1.0922,1.6487,-0.8435,-0.2902,1.6487,-0.8722,-1.1714,1.6487,-0.8491,-1.0922,1.6487,-0.8903,-1.0922,1.6645,-0.9492,-0.2106,1.619,-0.9302,-0.2106,1.6124,-0.9535,-0.2258,1.6334,-0.9785,-0.191,1.6487,-0.9751,-0.2258,1.6487,-0.9702,-0.1762,1.619,-0.996,-0.1759,1.6301,-0.9475,-0.165,1.6124,-0.8959,-0.2106,1.6124,-0.8769,-0.2106,1.619
,-0.8726,-0.2258,1.6334,-0.8477,-0.191,1.6487,-0.8559,-0.1762,1.619,-0.8301,-0.1759,1.6301,-0.8786,-0.165,1.6124,-0.9348,-0.1588,1.6124,-0.9617,-0.1594,1.619,-1.0147,-0.1477,1.6302,-1.0039,-0.1808,1.6487,-0.965,-0.1499,1.619,-0.9863,-0.1288,1.6201,-1.0913,-0.1304,1.6487,-1.0827,-0.1379,1.6487,-0.9467,-0.1468,1.6124,-0.8796,-0.1468,1.6124,-0.8398,-0.1288,1.6201,-0.9364,-0.1487,1.6124
,-0.8611,-0.1499,1.619,-0.8898,-0.1487,1.6124,-0.8914,-0.1588,1.6124,-0.8645,-0.1594,1.619,-0.8114,-0.1477,1.6302,-0.735,-0.1304,1.6487,-0.7435,-0.1379,1.6487,-0.735,-0.1304,1.6487,-0.8114,-0.1477,1.6672,-0.7435,-0.1379,1.6487,-0.8034,-0.151,1.6487,-0.7435,-0.1379,1.6487,-0.8034,-0.151,1.6487,-0.8034,-0.151,1.6487,-0.8222,-0.1808,1.6487,-0.9797,-0.233,1.6749,-0.9506,-0.2334,1.6783
,-0.9535,-0.2258,1.6639,-0.9751,-0.2258,1.6487,-1.0315,-0.2291,1.6487,-1.0315,-0.2327,1.6632,-1.051,-0.2372,1.6487,-1.0315,-0.2327,1.6342,-0.9797,-0.233,1.6225,-0.9535,-0.2258,1.6334,-0.9506,-0.2334,1.619,-0.965,-0.1499,1.619,-0.9467,-0.1468,1.6124,-0.9467,-0.1468,1.6849,-0.965,-0.1499,1.6783,-0.9617,-0.1594,1.6783,-0.9617,-0.1594,1.619,-0.9475,-0.165,1.6124,-0.9475,-0.165,1.6849
,-0.9348,-0.1588,1.6124,-0.9348,-0.1588,1.6849,-0.9364,-0.1487,1.6849,-0.9364,-0.1487,1.6124,-0.9467,-0.1468,1.6124,-0.9467,-0.1468,1.6849,-0.8898,-0.1487,1.6124,-0.8796,-0.1468,1.6124,-0.8796,-0.1468,1.6849,-0.8898,-0.1487,1.6849,-0.8914,-0.1588,1.6124,-0.8914,-0.1588,1.6849,-0.8786,-0.165,1.6124,-0.8786,-0.165,1.6849,-0.8645,-0.1594,1.619,-0.8645,-0.1594,1.6783,-0.8611,-0.1499,1.619
,-0.8611,-0.1499,1.6783,-0.8796,-0.1468,1.6124,-0.8796,-0.1468,1.6849,-0.8978,0.2616,1.6487,-0.9051,0.0933,1.6626,-0.8979,0.0933,1.6487,-0.8979,0.0933,1.6487,-0.9055,0.2616,1.6352,-0.8978,0.2616,1.6487,-0.8979,0.0933,1.6487,-0.9051,0.0933,1.6347,-0.8978,0.2616,1.6487,-0.893,0.2907,1.6487,-0.893,0.2907,1.6487,-0.9031,0.2907,1.6654,-0.8978,0.2616,1.6487,-0.9031,0.2907,1.632
,-0.9206,0.2616,1.6352,-0.9194,0.0933,1.6347,-0.9283,0.2616,1.6487,-0.923,0.2907,1.632,-0.9331,0.2907,1.6487,-0.908,0.3264,1.6385,-0.9181,0.3264,1.6385,-0.923,0.3264,1.6487,-0.9331,0.2907,1.6487,-0.923,0.2907,1.6654,-0.923,0.3264,1.6487,-0.9131,0.3319,1.6487,-0.9131,0.3319,1.6487,-0.923,0.3264,1.6487,-0.9181,0.3264,1.6589,-0.9031,0.3264,1.6487,-0.9031,0.3264,1.6487
,-0.908,0.3264,1.6589,-0.893,0.2907,1.6487,-0.9031,0.3264,1.6487,-0.9131,0.3319,1.6487,-0.9181,0.3264,1.6589,-0.923,0.3264,1.6487,-0.923,0.2907,1.6654,-0.9031,0.2907,1.6654,-0.908,0.3264,1.6589,-0.9131,0.3319,1.6487,-0.893,0.2907,1.6487,-0.9055,0.2616,1.6621,-0.8978,0.2616,1.6487,-0.9051,0.0933,1.6626,-0.9206,0.2616,1.6621,-0.9331,0.2907,1.6487,-0.9283,0.2616,1.6487
,-0.9265,0.0933,1.6487,-0.9283,0.2616,1.6487,-0.9194,0.0933,1.6347,-0.9265,0.0933,1.6487,-0.9194,0.0933,1.6626,0.2547,-0.1648,1.3803,0.2547,-0.1984,1.4222,0.2677,-0.1616,1.4014,0.2954,-0.0881,1.3916,0.2547,-0.1648,1.3803,0.2677,-0.1616,1.4014,-0.9128,0.0722,1.6781,-0.9443,0.0722,1.6487,-0.9128,0.0647,1.6686,-0.8813,0.0722,1.6487,-0.887,0.0791,1.6487,-0.9128,0.0791,1.6735
,-0.9386,0.0791,1.6487,-0.8887,0.1065,1.6487,-0.937,0.1065,1.6487,-0.9128,0.1,1.6717,-0.8928,0.0647,1.6487,-0.913,0.034,1.6639,-0.9329,0.0647,1.6487,-0.897,0.034,1.6487,-0.897,0.034,1.6487,-0.913,0.034,1.6334,-0.8928,0.0647,1.6487,-0.9386,0.0791,1.6487,-0.937,0.1065,1.6487,-0.9128,0.1,1.6256,-0.9128,0.0791,1.6238,-0.9443,0.0722,1.6487,-0.9128,0.0722,1.6781
,-0.9386,0.0791,1.6487,-0.9443,0.0722,1.6487,-0.887,0.0791,1.6487,-0.9128,0.0722,1.6781,-0.8813,0.0722,1.6487,-0.8813,0.0722,1.6487,-0.887,0.0791,1.6487,-0.887,0.0791,1.6487,-0.8887,0.1065,1.6487,-0.887,0.0791,1.6487,-0.9128,0.0722,1.6193,-0.9443,0.0722,1.6487,-0.9128,0.0791,1.6238,-0.9128,0.0791,1.6238,-0.8813,0.0722,1.6487,-0.8928,0.0647,1.6487,-0.9128,0.0722,1.6193
,-0.8813,0.0722,1.6487,-0.9128,0.0722,1.6193,-0.9128,0.0647,1.6288,-0.9443,0.0722,1.6487,-0.9128,0.0722,1.6193,-0.913,0.034,1.6334,-0.9289,0.034,1.6487,-0.9329,0.0647,1.6487,-0.9443,0.0722,1.6487,-0.9329,0.0647,1.6487,-0.9128,0.0647,1.6686,-0.9443,0.0722,1.6487,-0.913,0.034,1.6639,-0.9329,0.0647,1.6487,-0.9289,0.034,1.6487,-0.945,-0.0468,1.6487,-0.9372,-0.0998,1.6487
,-0.9314,-0.0759,1.6701,-0.9313,-0.0332,1.6752,-0.9131,-0.0515,1.6742,-0.9533,-0.0332,1.6487,-0.8948,-0.0332,1.6752,-0.8947,-0.0759,1.6701,-0.8812,-0.0468,1.6487,-0.889,-0.0998,1.6487,-0.8947,-0.0759,1.6273,-0.8812,-0.0468,1.6487,-0.889,-0.0998,1.6487,-0.8729,-0.0332,1.6487,-0.8812,-0.0468,1.6487,-0.8948,-0.0332,1.6222,-0.8729,-0.0332,1.6487,-0.8862,-0.0265,1.6487,-0.8729,-0.0332,1.6487
,-0.8862,-0.0265,1.6487,-0.8862,-0.0265,1.6487,-0.8948,-0.0332,1.6222,-0.8951,-0.0156,1.6487,-0.8951,-0.0156,1.6487,-0.8948,-0.0332,1.6752,-0.8862,-0.0265,1.6487,-0.8951,-0.0156,1.6487,-0.9131,-0.0156,1.6651,-0.9311,-0.0156,1.6487,-0.94,-0.0265,1.6487,-0.94,-0.0265,1.6487,-0.9313,-0.0332,1.6222,-0.9533,-0.0332,1.6487,-0.913,0.034,1.6639,-0.8951,-0.0156,1.6487,-0.897,0.034,1.6487
,-0.8951,-0.0156,1.6487,-0.8951,-0.0156,1.6487,-0.913,0.034,1.6334,-0.897,0.034,1.6487,-0.9311,-0.0156,1.6487,-0.913,0.034,1.6639,-0.9289,0.034,1.6487,-0.9289,0.034,1.6487,-0.913,0.034,1.6334,-0.9311,-0.0156,1.6487,-0.9131,-0.0156,1.6322,-0.9311,-0.0156,1.6487,-0.8951,-0.0156,1.6487,-0.8948,-0.0332,1.6222,-0.9313,-0.0332,1.6222,-0.9311,-0.0156,1.6487,-0.9311,-0.0156,1.6487
,-0.94,-0.0265,1.6487,-0.9131,-0.0515,1.6232,-0.9314,-0.0759,1.6273,-0.945,-0.0468,1.6487,-0.9533,-0.0332,1.6487,-0.9372,-0.0998,1.6487,-0.8947,-0.0759,1.6273,-0.8812,-0.0468,1.6487,-0.889,-0.0998,1.6487,-0.8947,-0.0759,1.6701,-0.8866,-0.0999,1.6723,-0.8371,-0.0999,1.6487,-0.842,-0.0999,1.6674,-0.8866,-0.0999,1.625,-0.8947,-0.0759,1.6273,-0.842,-0.0999,1.63,-0.9396,-0.0999,1.6723
,-0.9314,-0.0759,1.6701,-0.9372,-0.0998,1.6487,-0.989,-0.0999,1.6487,-0.9841,-0.0999,1.6674,-0.9396,-0.0999,1.625,-0.9314,-0.0759,1.6273,-0.9841,-0.0999,1.63,-0.9314,-0.0759,1.6273,-0.9131,-0.0515,1.6232,-0.8947,-0.0759,1.6273,-0.8866,-0.0999,1.625,-0.9396,-0.0999,1.625,-0.9863,-0.1288,1.6201,-0.9841,-0.0999,1.63,-0.9912,-0.1288,1.6487,-0.8398,-0.1288,1.6201,-0.842,-0.0999,1.63
,-0.8349,-0.1288,1.6487,-0.8349,-0.1288,1.6487,-0.842,-0.0999,1.63,-0.8371,-0.0999,1.6487,-0.8371,-0.0999,1.6487,-0.8398,-0.1288,1.6773,-0.8349,-0.1288,1.6487,-0.8371,-0.0999,1.6487,-0.842,-0.0999,1.6674,-0.8866,-0.0999,1.6723,-0.9396,-0.0999,1.6723,-0.9863,-0.1288,1.6773,-0.8947,-0.0759,1.6701,-0.9841,-0.0999,1.6674,-0.9314,-0.0759,1.6701,-0.9131,-0.0515,1.6742,-0.9912,-0.1288,1.6487
,-0.989,-0.0999,1.6487,-0.9841,-0.0999,1.63,-0.9912,-0.1288,1.6487,-0.989,-0.0999,1.6487,-0.825,-0.1288,1.6375,-0.735,-0.1304,1.6487,-0.8398,-0.1288,1.6201,-0.8349,-0.1288,1.6487,-0.825,-0.1288,1.6599,-0.8398,-0.1288,1.6773,-0.8203,-0.1173,1.6487,-1.0012,-0.1288,1.6599,-1.0913,-0.1304,1.6487,-0.9863,-0.1288,1.6773,-0.9912,-0.1288,1.6487,-1.0012,-0.1288,1.6375,-0.9863,-0.1288,1.6201
,-1.0059,-0.1174,1.6487,-0.9128,0.1,1.6256,-0.937,0.1065,1.6487,-0.9131,0.0833,1.6487,-0.8887,0.1065,1.6487,-0.9128,0.1,1.6717,0.8074,0.0275,1.7074,0.7993,-0.0061,1.7015,0.7704,0.0355,1.6682,0.8074,0.0438,1.7074,0.7993,0.0754,1.6992,0.7913,0.0847,1.6766,0.7907,0.0862,1.66,0.7961,0.0701,1.6414,0.8059,0.044,1.629,0.8059,0.0276,1.6286,0.7993,-0.0056,1.6364
,0.7913,-0.0191,1.6599,0.7913,-0.0191,1.6766,0.7993,-0.0061,1.7015,-0.5347,0.042,1.6003,-0.4987,0.0415,1.5869,-0.5056,-0.0087,1.6174,-0.5352,-0.0052,1.6216,-0.5685,0.0464,1.5935,-0.495,-0.0202,1.6161,-0.5642,-0.0042,1.6151,-0.5066,-0.0148,1.6237,-0.5731,-0.0119,1.6161,-0.5633,-0.0117,1.6213,-0.5591,-0.0273,1.6548,-0.5344,-0.0186,1.6583,-0.5102,-0.0313,1.655,-0.5007,-0.042,1.658
,-0.5106,-0.0329,1.6641,-0.5342,-0.0141,1.7014,-0.5095,-0.0288,1.6994,-0.4999,-0.0375,1.7063,-0.5091,-0.0264,1.7068,-0.5078,-0.0097,1.7355,-0.5343,-0.0011,1.7337,-0.4981,-0.0154,1.7424,-0.507,-0.0038,1.74,-0.5002,0.0402,1.7596,-0.5335,0.0474,1.7489,-0.5603,-0.0215,1.7081,-0.5613,-0.0077,1.7328,-0.5696,-0.0359,1.705,-0.5599,-0.024,1.6998,-0.5587,-0.0283,1.6625,-0.5684,-0.0351,1.6593
,-0.4989,0.0498,1.7553,-0.4861,0.0615,1.7793,-0.4834,0.0539,1.7787,-0.475,0.0493,1.7938,-0.4766,0.0608,1.7827,-0.4448,0.1,1.7841,-0.4483,0.1062,1.7816,-0.432,0.1031,1.7983,-0.4399,0.1074,1.7809,-0.4305,0.146,1.7412,-0.486,0.1203,1.72,-0.4915,0.0781,1.7471,-0.5108,0.0791,1.7438,-0.5082,0.1201,1.7176,-0.5302,0.08,1.7404,-0.5304,0.1241,1.7151,-0.5498,0.0781,1.7412
,-0.5528,0.1211,1.7151,-0.5322,0.1321,1.6766,-0.5102,0.1296,1.675,-0.4884,0.1311,1.6736,-0.4226,0.1783,1.6654,-0.4333,0.1483,1.5952,-0.4858,0.1163,1.6231,-0.5091,0.1156,1.6262,-0.4911,0.0774,1.5997,-0.5114,0.0784,1.6041,-0.5325,0.1188,1.6293,-0.5543,0.1278,1.6774,-0.5763,0.1276,1.6784,-0.5751,0.1221,1.7151,-0.5693,0.0762,1.7421,-0.6,0.1025,1.7599,-0.6127,0.1476,1.7292
,-0.6175,0.1672,1.6691,-0.5795,0.1156,1.6275,-0.5561,0.1152,1.6284,-0.5317,0.0793,1.6084,-0.5347,0.042,1.6003,-0.4979,0.0506,1.591,-0.481,0.0626,1.5654,-0.4486,0.1081,1.5675,-0.474,0.0619,1.5645,-0.4773,0.0538,1.5486,-0.4803,0.0557,1.5665,-0.4987,0.0415,1.5869,-0.5521,0.0774,1.6073,-0.5697,0.0546,1.5969,-0.5685,0.0464,1.5935,-0.5725,0.0754,1.6062,-0.5823,0.0708,1.5823
,-0.5856,0.0656,1.5817,-0.5929,0.0611,1.5652,-0.5905,0.073,1.5804,-0.5976,0.1064,1.5879,-0.4461,0.0947,1.5676,-0.4308,0.0949,1.5555,-0.4405,0.1055,1.5699,-0.4256,0.1415,1.5885,-0.4109,0.1564,1.5826,-0.4226,0.1503,1.5975,-0.4162,0.1777,1.659,-0.3993,0.1837,1.6648,-0.4163,0.1769,1.671,-0.4222,0.1482,1.7352,-0.4051,0.1517,1.7501,-0.425,0.1417,1.7451,-0.6036,0.101,1.5852
,-0.6191,0.1086,1.5683,-0.6075,0.1115,1.59,-0.615,0.1459,1.62,-0.6189,0.1433,1.6165,-0.6344,0.1523,1.6158,-0.6198,0.1475,1.6218,-0.6227,0.1693,1.662,-0.6173,0.1747,1.6691,-0.6441,0.1719,1.6677,-0.6225,0.1703,1.6748,-0.6126,0.1515,1.7332,-0.6185,0.1527,1.7265,-0.6369,0.1559,1.7417,-0.6168,0.1452,1.7364,-0.6,0.1025,1.7716,-0.6068,0.1069,1.7684,-0.6237,0.0979,1.7836
,-0.6041,0.0964,1.7708,-0.5861,0.0703,1.7753,-0.5927,0.072,1.7739,-0.6005,0.061,1.7906,-0.5864,0.0628,1.7714,-0.5684,0.0508,1.7533,-0.5682,0.0426,1.7564,-0.5622,-0.0007,1.7392,-0.5861,0.0703,1.7638,-0.6139,0.1421,1.6229,0.5056,-0.0087,1.6174,0.4987,0.0415,1.5869,0.5347,0.042,1.6003,0.5352,-0.0052,1.6216,0.495,-0.0202,1.6161,0.5685,0.0464,1.5935,0.5066,-0.0148,1.6237
,0.5642,-0.0042,1.6151,0.5731,-0.0119,1.6161,0.5633,-0.0117,1.6213,0.5591,-0.0273,1.6548,0.5344,-0.0186,1.6583,0.5102,-0.0313,1.655,0.5007,-0.042,1.658,0.5106,-0.0329,1.6641,0.5342,-0.0141,1.7014,0.5095,-0.0288,1.6994,0.4999,-0.0375,1.7063,0.5091,-0.0264,1.7068,0.5078,-0.0097,1.7355,0.5343,-0.0011,1.7337,0.4981,-0.0154,1.7424,0.507,-0.0038,1.74,0.5002,0.0402,1.7596
,0.5335,0.0474,1.7489,0.5603,-0.0215,1.7081,0.5613,-0.0077,1.7328,0.5696,-0.0359,1.705,0.5599,-0.024,1.6998,0.5587,-0.0283,1.6625,0.5684,-0.0351,1.6593,0.4989,0.0498,1.7553,0.4861,0.0615,1.7793,0.4834,0.0539,1.7787,0.475,0.0493,1.7938,0.4766,0.0608,1.7827,0.4448,0.1,1.7841,0.4483,0.1062,1.7816,0.432,0.1031,1.7983,0.4399,0.1074,1.7809,0.4305,0.146,1.7412
,0.425,0.1417,1.7451,0.4051,0.1517,1.7501,0.4222,0.1482,1.7352,0.4226,0.1783,1.6654,0.4163,0.1769,1.671,0.3993,0.1837,1.6648,0.4162,0.1777,1.659,0.4333,0.1483,1.5952,0.4226,0.1503,1.5975,0.4109,0.1564,1.5826,0.4256,0.1415,1.5885,0.4486,0.1081,1.5675,0.4405,0.1055,1.5699,0.4308,0.0949,1.5555,0.4461,0.0947,1.5676,0.474,0.0619,1.5645,0.481,0.0626,1.5654
,0.4773,0.0538,1.5486,0.4803,0.0557,1.5665,0.4979,0.0506,1.591,0.4987,0.0415,1.5869,0.5347,0.042,1.6003,0.5114,0.0784,1.6041,0.4911,0.0774,1.5997,0.4858,0.1163,1.6231,0.4884,0.1311,1.6736,0.486,0.1203,1.72,0.4915,0.0781,1.7471,0.5108,0.0791,1.7438,0.5082,0.1201,1.7176,0.5102,0.1296,1.675,0.5091,0.1156,1.6261,0.5325,0.1188,1.6293,0.5317,0.0793,1.6084
,0.5521,0.0774,1.6073,0.5697,0.0546,1.5969,0.5685,0.0464,1.5935,0.5725,0.0754,1.6062,0.5823,0.0708,1.5823,0.5856,0.0656,1.5817,0.5929,0.0611,1.5652,0.5905,0.073,1.5804,0.5976,0.1064,1.5879,0.6036,0.101,1.5852,0.6191,0.1086,1.5683,0.6075,0.1115,1.59,0.615,0.1459,1.62,0.6189,0.1433,1.6165,0.6344,0.1523,1.6158,0.6198,0.1475,1.6218,0.6227,0.1693,1.662
,0.6173,0.1747,1.6691,0.6441,0.1719,1.6677,0.6225,0.1703,1.6748,0.6126,0.1515,1.7332,0.6185,0.1527,1.7265,0.6369,0.1559,1.7417,0.6168,0.1452,1.7364,0.6,0.1025,1.7716,0.6068,0.1069,1.7684,0.6237,0.0979,1.7836,0.6041,0.0964,1.7708,0.5861,0.0703,1.7753,0.5927,0.072,1.7739,0.6005,0.061,1.7906,0.5864,0.0628,1.7714,0.5684,0.0508,1.7533,0.5682,0.0426,1.7564
,0.5622,-0.0007,1.7392,0.5693,0.0762,1.7421,0.5861,0.0703,1.7638,0.6,0.1025,1.7599,0.6127,0.1476,1.7292,0.6175,0.1672,1.6691,0.6139,0.1421,1.6229,0.5795,0.1156,1.6275,0.5763,0.1276,1.6784,0.5751,0.1221,1.7151,0.5498,0.0781,1.7412,0.5302,0.08,1.7404,0.5304,0.1241,1.7151,0.5528,0.1211,1.7151,0.5543,0.1278,1.6774,0.5561,0.1152,1.6284,0.5322,0.1321,1.6766
,0.2853,-0.0846,1.6716,0.2201,-0.0836,1.6588,0.1765,-0.0532,1.6848,0.2962,-0.0765,1.6833,0.338,-0.0611,1.6928,0.3415,-0.0309,1.7406,0.3517,0.0078,1.7799,0.3415,-0.0309,1.7406,0.1765,-0.0532,1.6848,0.1635,-0.004,1.7134,0.1553,0.0527,1.705,0.3535,0.0586,1.79,0.0486,0.0497,1.6853,0.0645,-0.0109,1.6805,0.0885,-0.0603,1.6631,0.127,-0.0832,1.6412,0.0877,-0.0798,1.6314
,0.1667,-0.0942,1.6297,0.2201,-0.0836,1.6588,0.1653,0.1354,1.6977,0.351,0.095,1.776,0.3409,0.1295,1.7319,0.2787,0.1642,1.6675,0.0928,0.1261,1.6895,0.1617,0.1795,1.6449,0.2169,0.1688,1.6473,0.0897,0.1807,1.6155,0.0687,0.1599,1.6548,0.0594,0.0955,1.6833,0.2787,0.1642,1.6675,0.3331,0.1524,1.6872,0.3409,0.1295,1.7319,0.2169,0.1688,1.6473,0.2787,0.1642,1.6675
,0.1653,0.1354,1.6977,0.351,0.095,1.776,0.3535,0.0586,1.79,0.1553,0.0527,1.705,-0.0654,0.1567,1.2118,-0.093,0.1549,1.2043,-0.0929,0.1591,1.207,-0.0679,0.1651,1.2468,-0.0403,0.1595,1.2326,-0.093,0.126,1.2935,-0.0403,0.1515,1.2566,-0.0707,0.1344,1.2858,-0.093,0.1229,1.2917,-0.0696,0.1678,1.2481,-0.0723,0.1806,1.1922,-0.0825,0.1756,1.2048,-0.1146,0.1596,1.2144
,-0.0671,0.1223,1.3317,-0.0623,0.1142,1.3298,-0.1132,0.0934,1.3361,-0.1194,0.0997,1.3358,-0.1582,0.1383,1.2076,-0.1533,0.072,1.3395,-0.1462,0.0598,1.3412,-0.159,0.065,1.3407,-0.174,0.0047,1.3411,-0.1558,-0.0001,1.3393,-0.1732,-0.006,1.341,-0.1417,-0.0449,1.3343,-0.1567,-0.0487,1.3353,-0.116,-0.0815,1.3235,-0.136,-0.0798,1.3293,-0.1282,-0.0975,1.3232,-0.0506,-0.1251,1.3107
,-0.0522,-0.1422,1.3089,-0.0266,-0.1284,1.3077,-0.0272,-0.1481,1.308,-0.0379,-0.1528,1.2386,-0.0732,-0.1512,1.2399,-0.0476,-0.1577,1.204,-0.0737,-0.1574,1.1982,-0.0871,-0.1679,1.1826,-0.0924,-0.1599,1.1971,-0.1279,-0.1524,1.1936,-0.126,-0.1408,1.2459,-0.1619,-0.0952,1.2558,-0.1341,-0.087,1.3218,-0.138,-0.0916,1.3485,-0.1282,-0.0975,1.3232,-0.136,-0.0798,1.3293,-0.138,-0.0916,1.3485
,-0.2054,-0.0484,1.2244,-0.2124,-0.0102,1.2216,-0.1913,0.0011,1.2678,-0.2303,0.0002,1.2094,-0.2128,0.0126,1.2216,-0.2037,0.0484,1.227,-0.1803,-0.001,1.3263,-0.192,-0.0006,1.3667,-0.1732,-0.006,1.341,-0.174,0.0047,1.3411,-0.192,-0.0006,1.3667,-0.181,0.0876,1.2652,-0.1991,0.0906,1.2204,-0.2133,0.1051,1.203,-0.1937,0.1016,1.2183,-0.1631,0.0721,1.3357,-0.166,0.0726,1.3536
,-0.1533,0.072,1.3395,-0.166,0.0726,1.3536,-0.159,0.065,1.3407,-0.1953,-0.0822,1.211,-0.2085,-0.1008,1.1923,-0.1871,-0.1021,1.2062,-0.1443,-0.1425,1.197,-0.1491,-0.1626,1.1852,-0.1043,-0.176,0.9969,-0.1061,-0.167,1.0504,-0.159,-0.1498,1.051,-0.1696,-0.1504,0.9472,-0.1155,-0.1697,0.9623,-0.2133,-0.1116,0.9659,-0.1912,-0.1096,1.0665,-0.252,-0.0711,0.9707,-0.2284,-0.0754,1.0646
,-0.2284,-0.0754,1.0646,-0.2564,-0.0277,0.9842,-0.252,-0.0711,0.9707,-0.2493,0.005,1.0765,-0.2733,0.0163,0.9867,-0.255,0.0668,0.9956,-0.2285,0.0985,1.0813,-0.2523,0.1191,0.9885,-0.2099,0.1499,0.9972,-0.1551,0.1695,1.0849,-0.177,0.1732,0.9924,-0.1431,0.1825,0.9963,-0.1195,0.1732,1.0822,-0.0753,0.142,1.2484,-0.1025,0.1666,1.1499,-0.0984,0.1807,1.1421,-0.1198,0.1236,1.2572
,-0.1365,0.1611,1.1477,-0.171,0.1276,1.1564,-0.1665,0.0764,1.2652,-0.203,0.0959,1.15,-0.224,0.0925,1.1348,-0.2146,0.0754,1.1499,-0.2175,0.0442,1.1533,-0.1841,-0.0125,1.2612,-0.2286,-0.0007,1.1493,-0.2552,-0.0127,1.1341,-0.2286,-0.0238,1.1465,-0.2236,-0.0559,1.1445,-0.1613,-0.0887,1.2507,-0.2146,-0.0913,1.1318,-0.228,-0.106,1.1155,-0.203,-0.1087,1.1276,-0.1758,-0.1356,1.1297
,-0.1032,-0.1433,1.2334,-0.1513,-0.1546,1.1179,-0.1584,-0.1708,1.1024,-0.1306,-0.162,1.1157,-0.0871,-0.1816,1.1115,-0.0685,-0.1457,1.225,-0.1368,0.1547,1.1522,-0.1025,0.1667,1.1499,-0.158,0.1746,1.0833,-0.1871,0.1467,1.0915,-0.169,0.1248,1.1625,-0.2004,0.086,1.1509,-0.2274,0.1082,1.0813,-0.2439,0.1078,1.0661,-0.2391,0.0877,1.0811,-0.2103,0.0431,1.1554,-0.2382,0.0527,1.0905
,-0.2198,-0.0086,1.1446,-0.2544,0.0157,1.0785,-0.2714,0.0013,1.0667,-0.2542,-0.013,1.0755,-0.2181,-0.0523,1.1478,-0.2409,-0.0415,1.0754,-0.2004,-0.0934,1.1284,-0.2391,-0.0693,1.066,-0.2451,-0.0844,1.0525,-0.2274,-0.0867,1.0625,-0.1673,-0.128,1.133,-0.1946,-0.1141,1.0661,-0.1753,-0.1458,1.052,-0.1367,-0.1517,1.1152,-0.1776,-0.1647,1.0379,-0.1523,-0.1548,1.0509,-0.0919,-0.1713,1.1121
,-0.0981,-0.1802,1.0485,0.0825,0.1756,1.2048,0.0723,0.1806,1.1922,0.0696,0.1678,1.2481,0.1146,0.1596,1.2144,0.0671,0.1223,1.3317,0.0623,0.1142,1.3298,0.1132,0.0934,1.3361,0.1194,0.0997,1.3358,0.1582,0.1383,1.2076,0.1533,0.072,1.3395,0.1462,0.0598,1.3412,0.159,0.065,1.3407,0.174,0.0047,1.3411,0.1558,-0.0001,1.3393,0.1732,-0.006,1.341,0.1417,-0.0449,1.3343
,0.1567,-0.0487,1.3353,0.116,-0.0815,1.3235,0.136,-0.0798,1.3293,0.1282,-0.0975,1.3232,0.0506,-0.1251,1.3107,0.0522,-0.1422,1.3089,0.0266,-0.1284,1.3077,0.0272,-0.1481,1.308,0.0379,-0.1528,1.2386,0.0732,-0.1512,1.2399,0.0476,-0.1577,1.204,0.0737,-0.1574,1.1982,0.0871,-0.1679,1.1826,0.0924,-0.1599,1.1971,0.1279,-0.1524,1.1936,0.126,-0.1408,1.2459,0.1619,-0.0952,1.2558
,0.1341,-0.087,1.3218,0.138,-0.0916,1.3485,0.136,-0.0798,1.3293,0.1282,-0.0975,1.3232,0.138,-0.0916,1.3485,0.2054,-0.0484,1.2244,0.2124,-0.0102,1.2216,0.1913,0.0011,1.2678,0.2303,0.0002,1.2094,0.2128,0.0126,1.2216,0.2037,0.0484,1.227,0.1803,-0.001,1.3263,0.192,-0.0006,1.3667,0.174,0.0047,1.3411,0.1732,-0.006,1.341,0.192,-0.0006,1.3667,0.181,0.0876,1.2652
,0.1991,0.0906,1.2204,0.2133,0.1051,1.203,0.1937,0.1016,1.2183,0.1631,0.0721,1.3357,0.166,0.0726,1.3536,0.1533,0.072,1.3395,0.159,0.065,1.3407,0.166,0.0726,1.3536,0.166,0.0726,1.3536,0.1953,-0.0822,1.211,0.2085,-0.1008,1.1923,0.1871,-0.1021,1.2062,0.1443,-0.1425,1.197,0.1491,-0.1626,1.1852,0.159,-0.1498,1.051,0.1061,-0.167,1.0504,0.1043,-0.176,0.9969
,0.1696,-0.1504,0.9472,0.1155,-0.1697,0.9623,0.2133,-0.1116,0.9659,0.1912,-0.1096,1.0665,0.252,-0.0711,0.9707,0.2284,-0.0754,1.0646,0.2284,-0.0754,1.0646,0.252,-0.0711,0.9707,0.2564,-0.0277,0.9842,0.2493,0.005,1.0765,0.2733,0.0163,0.9867,0.255,0.0668,0.9956,0.2285,0.0985,1.0813,0.2523,0.1191,0.9885,0.2099,0.1499,0.9972,0.1551,0.1695,1.0849,0.177,0.1732,0.9924
,0.1431,0.1825,0.9963,0.1195,0.1732,1.0822,0.0984,0.1807,1.1421,0.1025,0.1666,1.1499,0.0753,0.142,1.2484,0.1198,0.1236,1.2572,0.1365,0.1611,1.1477,0.171,0.1276,1.1564,0.1665,0.0764,1.2652,0.203,0.0959,1.15,0.224,0.0925,1.1348,0.2146,0.0754,1.1499,0.2175,0.0442,1.1533,0.1841,-0.0125,1.2612,0.2286,-0.0007,1.1493,0.2552,-0.0127,1.1341,0.2286,-0.0238,1.1465
,0.2236,-0.0559,1.1445,0.1613,-0.0887,1.2507,0.2146,-0.0913,1.1318,0.228,-0.106,1.1155,0.203,-0.1087,1.1276,0.1758,-0.1356,1.1297,0.1032,-0.1433,1.2334,0.1513,-0.1546,1.1179,0.1584,-0.1708,1.1024,0.1306,-0.162,1.1157,0.0871,-0.1816,1.1115,0.0685,-0.1457,1.225,0.158,0.1746,1.0833,0.1025,0.1667,1.1499,0.1368,0.1547,1.1522,0.1871,0.1467,1.0915,0.169,0.1248,1.1625
,0.2004,0.086,1.1509,0.2274,0.1082,1.0813,0.2439,0.1078,1.0661,0.2391,0.0877,1.0811,0.2103,0.0431,1.1554,0.2382,0.0527,1.0905,0.2198,-0.0086,1.1446,0.2544,0.0157,1.0785,0.2714,0.0013,1.0667,0.2542,-0.013,1.0755,0.2181,-0.0523,1.1478,0.2409,-0.0415,1.0754,0.2004,-0.0934,1.1284,0.2391,-0.0693,1.066,0.2451,-0.0844,1.0525,0.2274,-0.0867,1.0625,0.1673,-0.128,1.133
,0.1946,-0.1141,1.0661,0.1753,-0.1458,1.052,0.1367,-0.1517,1.1152,0.1776,-0.1647,1.0379,0.1523,-0.1548,1.0509,0.0919,-0.1713,1.1121,0.0981,-0.1802,1.0485,-0.9925,0.0302,1.6789,-0.9653,0.0297,1.685,-0.9657,0.029,1.673,-0.9938,0.019,1.6744,-0.9656,0.0192,1.672,-0.9657,0.0102,1.6726,-0.9927,0.0081,1.679,-0.9653,0.0082,1.685,-0.9624,0.0106,1.6959,-0.9825,0.0115,1.6946
,-0.9953,0.0195,1.6944,-0.9791,0.0192,1.6992,-0.95,0.0192,1.7048,-0.9624,0.0276,1.6971,-0.9826,0.0274,1.6947,-0.9925,0.0302,1.6789,-0.9653,0.0297,1.685,-0.8439,-0.0101,1.6296,-0.8207,-0.0008,1.6367,-0.8057,-0.0202,1.6414,-0.8278,-0.0221,1.6406,-0.795,-0.0372,1.6457,-0.8345,-0.0235,1.6401,-0.8411,-0.0244,1.6397,-0.8429,-0.028,1.6562,-0.8338,-0.0301,1.6568,-0.8465,-0.0203,1.6749
,-0.826,-0.0418,1.6572,-0.7832,-0.0467,1.6583,-0.7942,-0.0372,1.6734,-0.8029,-0.0184,1.6759,-0.9544,-0.0509,1.6116,-0.9616,-0.0595,1.6095,-0.955,-0.0519,1.618,-0.9405,-0.044,1.6267,-0.9392,-0.042,1.614,-0.9345,-0.0465,1.6096,-0.9194,-0.0264,1.621,-0.922,-0.0317,1.6404,-0.9187,-0.0271,1.6404,-0.9122,-0.0242,1.6253,-0.9008,-0.0344,1.6128,-0.9044,-0.0193,1.6251,-0.9131,-0.0207,1.6418
,-0.9084,-0.0173,1.6542,-0.9043,-0.0133,1.6428,-0.8977,-0.015,1.6257,-0.8825,-0.0247,1.6193,-0.8944,-0.0471,1.6223,-0.8663,-0.0361,1.6218,-0.8718,-0.045,1.6315,-0.8959,-0.0496,1.6379,-0.8768,-0.0518,1.6422,-0.8801,-0.0439,1.6526,-0.8822,-0.0386,1.6665,-0.8948,-0.0323,1.6594,-0.9126,-0.0416,1.6484,-0.9084,-0.0173,1.6542,-0.9187,-0.0271,1.6404,-0.922,-0.0317,1.6404,-0.9348,-0.0538,1.6281
,-0.9405,-0.044,1.6267,-0.955,-0.0519,1.618,-0.9616,-0.0595,1.6095,-0.9313,-0.0565,1.6235,-0.9117,-0.0499,1.6336,-0.9049,-0.0491,1.636,-0.9022,-0.0456,1.6191,-0.9087,-0.0473,1.6181,-0.9311,-0.0552,1.6155,-0.9544,-0.0509,1.6116,-0.6407,0.1141,1.6599,-0.6205,0.1153,1.6599,-0.6099,0.0992,1.6132,-0.6293,0.1026,1.6122,-0.6308,0.0961,1.6193,-0.7003,0.0868,1.6596,-0.7121,0.0778,1.635
,-0.6257,0.0494,1.5958,-0.6054,0.0496,1.5924,-0.5966,0.0486,1.5774,-0.5947,0.0481,1.5889,-0.703,0.045,1.6129,-0.7162,0.045,1.6223,-0.702,0.024,1.6129,-0.5942,0.0236,1.5774,-0.5923,0.0242,1.5889,-0.5947,0.0481,1.5889,-0.6054,0.0496,1.5924,-0.6031,0.0228,1.5919,-0.6234,0.0229,1.5958,-0.7152,0.024,1.6223,-0.707,-0.0042,1.6329,-0.6295,-0.0048,1.6165,-0.639,-0.0331,1.6599
,-0.7003,-0.0214,1.6596,-0.6828,-0.0336,1.6605,-0.6119,-0.0483,1.6622,-0.6119,-0.0483,1.674,-0.6828,-0.0336,1.6766,-0.6212,-0.0376,1.6764,-0.639,-0.0331,1.6764,-0.7003,-0.0214,1.6767,-0.6323,-0.0103,1.7205,-0.6976,-0.002,1.7098,-0.6243,0.026,1.7346,-0.6931,0.024,1.7193,-0.6728,0.024,1.7313,-0.5952,0.0264,1.7528,-0.606,0.0252,1.7417,-0.6125,-0.0108,1.7225,-0.6193,-0.0337,1.6764
